#Nb und Si  TT.MM.JJJ  Name 1 und Name 2
#
#26.11.2021 10:40
#Zeit	Temperatur	R_Probe_1	R_Thermometer	R_Probe_2	Void	Void
#Sekunden	Kelvin	Ohm	Ohm	Ohm	Void	Void
#0.000000E+0	4.682926E+1	5.380000E-2	6.884670E+0	1.024610E+6
#9.998136E-1	4.683295E+1	5.370000E-2	6.886270E+0	1.024610E+6
1.999645E+0	6.464571E+0	5.370000E-2	6.886290E+0	1.024610E+6
2.999376E+0	6.462547E+0	5.390000E-2	6.886670E+0	1.024610E+6
3.999137E+0	6.462920E+0	5.370000E-2	6.886600E+0	1.024610E+6
4.999865E+0	6.462920E+0	5.370000E-2	6.886600E+0	1.024610E+6
5.999677E+0	6.463399E+0	5.390000E-2	6.886510E+0	1.024610E+6
6.999401E+0	6.462973E+0	5.380000E-2	6.886590E+0	1.024610E+6
7.999053E+0	6.462227E+0	5.380000E-2	6.886730E+0	1.024610E+6
8.999750E+0	6.460949E+0	5.330000E-2	6.886970E+0	1.024610E+6
9.999397E+0	6.466597E+0	5.390000E-2	6.885910E+0	1.024610E+6
1.099906E+1	6.455575E+0	5.380000E-2	6.887980E+0	1.024610E+6
1.199884E+1	6.448935E+0	5.390000E-2	6.889230E+0	1.024610E+6
1.299956E+1	6.468677E+0	5.320000E-2	6.885520E+0	1.024610E+6
1.399926E+1	6.451696E+0	5.400000E-2	6.888710E+0	1.024610E+6
1.499890E+1	6.454565E+0	5.400000E-2	6.888170E+0	1.024610E+6
1.599958E+1	6.454459E+0	5.370000E-2	6.888190E+0	1.024610E+6
1.699932E+1	6.453609E+0	5.410000E-2	6.888350E+0	1.024610E+6
1.799901E+1	6.455894E+0	5.390000E-2	6.887920E+0	1.024610E+6
1.899869E+1	6.453662E+0	5.350000E-2	6.888340E+0	1.024610E+6
1.999936E+1	6.452068E+0	5.420000E-2	6.888640E+0	1.024610E+6
2.099907E+1	6.451324E+0	5.440000E-2	6.888780E+0	1.024610E+6
2.199871E+1	6.452174E+0	5.380000E-2	6.888620E+0	1.024610E+6
2.299935E+1	6.450634E+0	5.410000E-2	6.888910E+0	1.024610E+6
2.399899E+1	6.449625E+0	5.350000E-2	6.889100E+0	1.024610E+6
2.499862E+1	6.448988E+0	5.350000E-2	6.889220E+0	1.024610E+6
2.599930E+1	6.449678E+0	5.280000E-2	6.889090E+0	1.024610E+6
2.699897E+1	6.447608E+0	5.350000E-2	6.889480E+0	1.024610E+6
2.799867E+1	6.446759E+0	5.430000E-2	6.889640E+0	1.024610E+6
2.899840E+1	6.446282E+0	5.350000E-2	6.889730E+0	1.024610E+6
2.999919E+1	6.450209E+0	5.330000E-2	6.888990E+0	1.024610E+6
3.099882E+1	6.453077E+0	5.350000E-2	6.888450E+0	1.024610E+6
3.199854E+1	6.446918E+0	5.360000E-2	6.889610E+0	1.024610E+6
3.300019E+1	6.441511E+0	5.340000E-2	6.890630E+0	1.024610E+6
3.399983E+1	6.445698E+0	5.350000E-2	6.889840E+0	1.024610E+6
3.499958E+1	6.443154E+0	5.330000E-2	6.890320E+0	1.024610E+6
3.599925E+1	6.442412E+0	5.360000E-2	6.890460E+0	1.024610E+6
3.700005E+1	6.440770E+0	5.300000E-2	6.890770E+0	1.024610E+6
3.799984E+1	6.439393E+0	5.260000E-2	6.891030E+0	1.024610E+6
3.899949E+1	6.439181E+0	5.400000E-2	6.891070E+0	1.024610E+6
3.999913E+1	6.447131E+0	5.330000E-2	6.889570E+0	1.024610E+6
4.099977E+1	6.453502E+0	5.340000E-2	6.888370E+0	1.024610E+6
4.199941E+1	6.447820E+0	5.360000E-2	6.889440E+0	1.024610E+6
4.299904E+1	6.465584E+0	5.370000E-2	6.886100E+0	1.024610E+6
4.400092E+1	6.455044E+0	5.430000E-2	6.888080E+0	1.024610E+6
4.500056E+1	6.466117E+0	5.330000E-2	6.886000E+0	1.024610E+6
4.600024E+1	6.423647E+0	5.360000E-2	6.894010E+0	1.024610E+6
4.700018E+1	6.435688E+0	5.310000E-2	6.891730E+0	1.024610E+6
4.800082E+1	6.509651E+0	5.290000E-2	6.877880E+0	1.024610E+6
4.900054E+1	6.476046E+0	5.270000E-2	6.884140E+0	1.024610E+6
5.000025E+1	6.407335E+0	5.260000E-2	6.897110E+0	1.024610E+6
5.099989E+1	6.450103E+0	5.300000E-2	6.889010E+0	1.024610E+6
5.200055E+1	6.447449E+0	5.350000E-2	6.889510E+0	1.024610E+6
5.300067E+1	6.433943E+0	5.290000E-2	6.892060E+0	1.024610E+6
5.400143E+1	6.439128E+0	5.340000E-2	6.891080E+0	1.024610E+6
5.500119E+1	6.432357E+0	5.350000E-2	6.892360E+0	1.024610E+6
5.600087E+1	6.434472E+0	5.370000E-2	6.891960E+0	1.024610E+6
5.700156E+1	6.427498E+0	5.250000E-2	6.893280E+0	1.024610E+6
5.800220E+1	6.431248E+0	5.420000E-2	6.892570E+0	1.024610E+6
5.900187E+1	6.427868E+0	5.310000E-2	6.893210E+0	1.024610E+6
6.000251E+1	6.428079E+0	5.340000E-2	6.893170E+0	1.024610E+6
6.100217E+1	6.425651E+0	5.250000E-2	6.893630E+0	1.024610E+6
6.200193E+1	6.428290E+0	5.330000E-2	6.893130E+0	1.024610E+6
6.300171E+1	6.425071E+0	5.370000E-2	6.893740E+0	1.024610E+6
6.400242E+1	6.427920E+0	5.320000E-2	6.893200E+0	1.024610E+6
6.500206E+1	6.425915E+0	5.320000E-2	6.893580E+0	1.024610E+6
6.600173E+1	6.420326E+0	5.300000E-2	6.894640E+0	1.024610E+6
6.700140E+1	6.428237E+0	5.340000E-2	6.893140E+0	1.024610E+6
6.800303E+1	6.418009E+0	5.350000E-2	6.895080E+0	1.024610E+6
6.900302E+1	6.423541E+0	5.330000E-2	6.894030E+0	1.024610E+6
7.000268E+1	6.421222E+0	5.260000E-2	6.894470E+0	1.024610E+6
7.100233E+1	6.421960E+0	5.280000E-2	6.894330E+0	1.024610E+6
7.200297E+1	6.418641E+0	5.280000E-2	6.894960E+0	1.024610E+6
7.300268E+1	6.421275E+0	5.360000E-2	6.894460E+0	1.024610E+6
7.400239E+1	6.417693E+0	5.310000E-2	6.895140E+0	1.024610E+6
7.500303E+1	6.419536E+0	5.340000E-2	6.894790E+0	1.024610E+6
7.600267E+1	6.418904E+0	5.300000E-2	6.894910E+0	1.024610E+6
7.700239E+1	6.417956E+0	5.330000E-2	6.895090E+0	1.024610E+6
7.800303E+1	6.416009E+0	5.340000E-2	6.895460E+0	1.024610E+6
7.900271E+1	6.416640E+0	5.320000E-2	6.895340E+0	1.024610E+6
8.000238E+1	6.415903E+0	5.280000E-2	6.895480E+0	1.024610E+6
8.100324E+1	6.413589E+0	5.300000E-2	6.895920E+0	1.024610E+6
8.200388E+1	6.414430E+0	5.370000E-2	6.895760E+0	1.024610E+6
8.300354E+1	6.413746E+0	5.330000E-2	6.895890E+0	1.024610E+6
8.400339E+1	6.412695E+0	5.280000E-2	6.896090E+0	1.024610E+6
8.500321E+1	6.414904E+0	5.300000E-2	6.895670E+0	1.024610E+6
8.600387E+1	6.411696E+0	5.320000E-2	6.896280E+0	1.024610E+6
8.700459E+1	6.411223E+0	5.350000E-2	6.896370E+0	1.024610E+6
8.800438E+1	6.411170E+0	5.400000E-2	6.896380E+0	1.024610E+6
8.900412E+1	6.409961E+0	5.310000E-2	6.896610E+0	1.024610E+6
9.000381E+1	6.409226E+0	5.330000E-2	6.896750E+0	1.024610E+6
9.100462E+1	6.411012E+0	5.360000E-2	6.896410E+0	1.024610E+6
9.200427E+1	6.409699E+0	5.390000E-2	6.896660E+0	1.024610E+6
9.300391E+1	6.408911E+0	5.340000E-2	6.896810E+0	1.024610E+6
9.400381E+1	6.409384E+0	5.300000E-2	6.896720E+0	1.024610E+6
9.500452E+1	6.407388E+0	5.260000E-2	6.897100E+0	1.024610E+6
9.600431E+1	6.407808E+0	5.280000E-2	6.897020E+0	1.024610E+6
9.700394E+1	6.408438E+0	5.290000E-2	6.896900E+0	1.024610E+6
9.800458E+1	6.406758E+0	5.310000E-2	6.897220E+0	1.024610E+6
9.900422E+1	6.405550E+0	5.330000E-2	6.897450E+0	1.024610E+6
1.000049E+2	6.405445E+0	5.320000E-2	6.897470E+0	1.024610E+6
1.010046E+2	6.405078E+0	5.310000E-2	6.897540E+0	1.024610E+6
1.020053E+2	6.405183E+0	5.290000E-2	6.897520E+0	1.024610E+6
1.030062E+2	6.404553E+0	5.290000E-2	6.897640E+0	1.024610E+6
1.040071E+2	6.404344E+0	5.270000E-2	6.897680E+0	1.024610E+6
1.050067E+2	6.403085E+0	5.320000E-2	6.897920E+0	1.024610E+6
1.060065E+2	6.402508E+0	5.320000E-2	6.898030E+0	1.024610E+6
1.070072E+2	6.403242E+0	5.370000E-2	6.897890E+0	1.024610E+6
1.080080E+2	6.404081E+0	5.290000E-2	6.897730E+0	1.024610E+6
1.090076E+2	6.402141E+0	5.270000E-2	6.898100E+0	1.024610E+6
1.100074E+2	6.402088E+0	5.260000E-2	6.898110E+0	1.024610E+6
1.110082E+2	6.402770E+0	5.270000E-2	6.897980E+0	1.024610E+6
1.120080E+2	6.402298E+0	5.270000E-2	6.898070E+0	1.024610E+6
1.130087E+2	6.404448E+0	5.330000E-2	6.897660E+0	1.024610E+6
1.140093E+2	6.402350E+0	5.270000E-2	6.898060E+0	1.024610E+6
1.150100E+2	6.402455E+0	5.310000E-2	6.898040E+0	1.024610E+6
1.160098E+2	6.401826E+0	5.260000E-2	6.898160E+0	1.024610E+6
1.170096E+2	6.400411E+0	5.270000E-2	6.898430E+0	1.024610E+6
1.180104E+2	6.401878E+0	5.280000E-2	6.898150E+0	1.024610E+6
1.190101E+2	6.403662E+0	5.240000E-2	6.897810E+0	1.024610E+6
1.200109E+2	6.401826E+0	5.270000E-2	6.898160E+0	1.024610E+6
1.210105E+2	6.402245E+0	5.280000E-2	6.898080E+0	1.024610E+6
1.220112E+2	6.404868E+0	5.300000E-2	6.897580E+0	1.024610E+6
1.230118E+2	6.403609E+0	5.290000E-2	6.897820E+0	1.024610E+6
1.240127E+2	6.404763E+0	5.290000E-2	6.897600E+0	1.024610E+6
1.250125E+2	6.407703E+0	5.340000E-2	6.897040E+0	1.024610E+6
1.260123E+2	6.407230E+0	5.330000E-2	6.897130E+0	1.024610E+6
1.270119E+2	6.408280E+0	5.310000E-2	6.896930E+0	1.024610E+6
1.280127E+2	6.410697E+0	5.340000E-2	6.896470E+0	1.024610E+6
1.290125E+2	6.408806E+0	5.300000E-2	6.896830E+0	1.024610E+6
1.300122E+2	6.409226E+0	5.270000E-2	6.896750E+0	1.024610E+6
1.310120E+2	6.408753E+0	5.300000E-2	6.896840E+0	1.024610E+6
1.320127E+2	6.408543E+0	5.330000E-2	6.896880E+0	1.024610E+6
1.330123E+2	6.407125E+0	5.290000E-2	6.897150E+0	1.024610E+6
1.340120E+2	6.406968E+0	5.340000E-2	6.897180E+0	1.024610E+6
1.350118E+2	6.407020E+0	5.370000E-2	6.897170E+0	1.024610E+6
1.360124E+2	6.405760E+0	5.310000E-2	6.897410E+0	1.024610E+6
1.370123E+2	6.430508E+0	5.310000E-2	6.892710E+0	1.024610E+6
1.380119E+2	6.464944E+0	5.290000E-2	6.886220E+0	1.024610E+6
1.390117E+2	6.496733E+0	5.280000E-2	6.880280E+0	1.024610E+6
1.400124E+2	6.523857E+0	5.260000E-2	6.875250E+0	1.024610E+6
1.410132E+2	6.542244E+0	5.330000E-2	6.871860E+0	1.024610E+6
1.420129E+2	6.559571E+0	5.290000E-2	6.868680E+0	1.024610E+6
1.430126E+2	6.566458E+0	5.290000E-2	6.867420E+0	1.024610E+6
1.440143E+2	6.569413E+0	5.260000E-2	6.866880E+0	1.024610E+6
1.450140E+2	6.569906E+0	5.370000E-2	6.866790E+0	1.024610E+6
1.460136E+2	6.568373E+0	5.350000E-2	6.867070E+0	1.024610E+6
1.470134E+2	6.565419E+0	5.350000E-2	6.867610E+0	1.024610E+6
1.480141E+2	6.563396E+0	5.300000E-2	6.867980E+0	1.024610E+6
1.490141E+2	6.560773E+0	5.360000E-2	6.868460E+0	1.024610E+6
1.500138E+2	6.557933E+0	5.330000E-2	6.868980E+0	1.024610E+6
1.510135E+2	6.550462E+0	5.270000E-2	6.870350E+0	1.024610E+6
1.520142E+2	6.549264E+0	5.290000E-2	6.870570E+0	1.024610E+6
1.530139E+2	6.545127E+0	5.270000E-2	6.871330E+0	1.024610E+6
1.540136E+2	6.541103E+0	5.310000E-2	6.872070E+0	1.024610E+6
1.550134E+2	6.538929E+0	5.250000E-2	6.872470E+0	1.024610E+6
1.560151E+2	6.535726E+0	5.310000E-2	6.873060E+0	1.024610E+6
1.570148E+2	6.536594E+0	5.290000E-2	6.872900E+0	1.024610E+6
1.580155E+2	6.538440E+0	5.290000E-2	6.872560E+0	1.024610E+6
1.590152E+2	6.540287E+0	5.320000E-2	6.872220E+0	1.024610E+6
1.600159E+2	6.543876E+0	5.290000E-2	6.871560E+0	1.024610E+6
1.610155E+2	6.545943E+0	5.330000E-2	6.871180E+0	1.024610E+6
1.620152E+2	6.553078E+0	5.290000E-2	6.869870E+0	1.024610E+6
1.630159E+2	6.558916E+0	5.320000E-2	6.868800E+0	1.024610E+6
1.640157E+2	6.563122E+0	5.370000E-2	6.868030E+0	1.024610E+6
1.650165E+2	6.567497E+0	5.290000E-2	6.867230E+0	1.024610E+6
1.660164E+2	6.569851E+0	5.330000E-2	6.866800E+0	1.024610E+6
1.670160E+2	6.572370E+0	5.350000E-2	6.866340E+0	1.024610E+6
1.680168E+2	6.578237E+0	5.320000E-2	6.865270E+0	1.024610E+6
1.690167E+2	6.583507E+0	5.320000E-2	6.864310E+0	1.024610E+6
1.700163E+2	6.587135E+0	5.370000E-2	6.863650E+0	1.024610E+6
1.710159E+2	6.593354E+0	5.330000E-2	6.862520E+0	1.024610E+6
1.720160E+2	6.599804E+0	5.360000E-2	6.861350E+0	1.024610E+6
1.730166E+2	6.608254E+0	5.260000E-2	6.859820E+0	1.024610E+6
1.740163E+2	6.615392E+0	5.380000E-2	6.858530E+0	1.024610E+6
1.750160E+2	6.619659E+0	5.340000E-2	6.857760E+0	1.024610E+6
1.760157E+2	6.627207E+0	5.320000E-2	6.856400E+0	1.024610E+6
1.770163E+2	6.635882E+0	5.320000E-2	6.854840E+0	1.024610E+6
1.780170E+2	6.643238E+0	5.280000E-2	6.853520E+0	1.024610E+6
1.790169E+2	6.653347E+0	5.290000E-2	6.851710E+0	1.024610E+6
1.800167E+2	6.659278E+0	5.320000E-2	6.850650E+0	1.024610E+6
1.810173E+2	6.670326E+0	5.350000E-2	6.848680E+0	1.024610E+6
1.820171E+2	6.678702E+0	5.280000E-2	6.847190E+0	1.024610E+6
1.830168E+2	6.687040E+0	5.250000E-2	6.845710E+0	1.024610E+6
1.840166E+2	6.697203E+0	5.260000E-2	6.843910E+0	1.024610E+6
1.850165E+2	6.705352E+0	5.330000E-2	6.842470E+0	1.024610E+6
1.860173E+2	6.715619E+0	5.260000E-2	6.840660E+0	1.024610E+6
1.870172E+2	6.725002E+0	5.270000E-2	6.839010E+0	1.024610E+6
1.880169E+2	6.736689E+0	5.340000E-2	6.836960E+0	1.024610E+6
1.890166E+2	6.747609E+0	5.330000E-2	6.835050E+0	1.024610E+6
1.900164E+2	6.756779E+0	5.280000E-2	6.833450E+0	1.024610E+6
1.910171E+2	6.767005E+0	5.290000E-2	6.831670E+0	1.024610E+6
1.920168E+2	6.778815E+0	5.310000E-2	6.829620E+0	1.024610E+6
1.930164E+2	6.789270E+0	5.260000E-2	6.827810E+0	1.024610E+6
1.940162E+2	6.802595E+0	5.280000E-2	6.825510E+0	1.024610E+6
1.950168E+2	6.815906E+0	5.300000E-2	6.823220E+0	1.024610E+6
1.960165E+2	6.827858E+0	5.220000E-2	6.821170E+0	1.024610E+6
1.970163E+2	6.838148E+0	5.270000E-2	6.819410E+0	1.024610E+6
1.980170E+2	6.851575E+0	5.370000E-2	6.817120E+0	1.024610E+6
1.990177E+2	6.863986E+0	5.350000E-2	6.815010E+0	1.024610E+6
2.000174E+2	6.869409E+0	5.340000E-2	6.814090E+0	1.024610E+6
2.010171E+2	6.875902E+0	5.300000E-2	6.812990E+0	1.024610E+6
2.020177E+2	6.881400E+0	5.320000E-2	6.812060E+0	1.024610E+6
2.030174E+2	6.888031E+0	5.310000E-2	6.810940E+0	1.024610E+6
2.040171E+2	6.846293E+0	5.230000E-2	6.818020E+0	1.024610E+6
2.050179E+2	6.846234E+0	5.340000E-2	6.818030E+0	1.024610E+6
2.060176E+2	6.913887E+0	5.350000E-2	6.806590E+0	1.024610E+6
2.070173E+2	7.019317E+0	5.300000E-2	6.789130E+0	1.024610E+6
2.080169E+2	7.115181E+0	5.330000E-2	6.773630E+0	1.024610E+6
2.090176E+2	7.200471E+0	5.390000E-2	6.760130E+0	1.024610E+6
2.100182E+2	7.306205E+0	5.290000E-2	6.743760E+0	1.024610E+6
2.110179E+2	7.412948E+0	5.210000E-2	6.727630E+0	1.024610E+6
2.120185E+2	7.524378E+0	5.390000E-2	6.711200E+0	1.024610E+6
2.130193E+2	7.676386E+0	5.320000E-2	6.689430E+0	1.024610E+6
2.140192E+2	7.770341E+0	5.360000E-2	6.676330E+0	1.024610E+6
2.150190E+2	7.863861E+0	5.320000E-2	6.663550E+0	1.024610E+6
2.160188E+2	7.938954E+0	5.300000E-2	6.653470E+0	1.024610E+6
2.170195E+2	8.045477E+0	5.220000E-2	6.639440E+0	1.024610E+6
2.180191E+2	8.125827E+0	5.180000E-2	6.629060E+0	1.024610E+6
2.190199E+2	8.178087E+0	5.260000E-2	6.622400E+0	1.024610E+6
2.200196E+2	8.230110E+0	5.310000E-2	6.615840E+0	1.024610E+6
2.210203E+2	8.277210E+0	5.330000E-2	6.609960E+0	1.024610E+6
2.220210E+2	8.336555E+0	5.290000E-2	6.602630E+0	1.024610E+6
2.230206E+2	8.370140E+0	5.310000E-2	6.598520E+0	1.024610E+6
2.240212E+2	8.371370E+0	5.290000E-2	6.598370E+0	1.024610E+6
2.250211E+2	8.396444E+0	5.360000E-2	6.595320E+0	1.024610E+6
2.260209E+2	8.432174E+0	5.360000E-2	6.591000E+0	1.024610E+6
2.270207E+2	8.443807E+0	5.320000E-2	6.589600E+0	1.024610E+6
2.280205E+2	8.458136E+0	5.220000E-2	6.587880E+0	1.024610E+6
2.290203E+2	8.468658E+0	5.320000E-2	6.586620E+0	1.024610E+6
2.300210E+2	8.443724E+0	5.200000E-2	6.589610E+0	1.024610E+6
2.310206E+2	8.439234E+0	5.210000E-2	6.590150E+0	1.024610E+6
2.320206E+2	8.424958E+0	5.230000E-2	6.591870E+0	1.024610E+6
2.330204E+2	8.439733E+0	5.190000E-2	6.590090E+0	1.024610E+6
2.340202E+2	8.423052E+0	5.290000E-2	6.592100E+0	1.024610E+6
2.350210E+2	8.450967E+0	5.220000E-2	6.588740E+0	1.024610E+6
2.360207E+2	8.445388E+0	5.230000E-2	6.589410E+0	1.024610E+6
2.370203E+2	8.444390E+0	5.150000E-2	6.589530E+0	1.024610E+6
2.380201E+2	8.440398E+0	5.300000E-2	6.590010E+0	1.024610E+6
2.390207E+2	8.428855E+0	5.380000E-2	6.591400E+0	1.024610E+6
2.400204E+2	8.435994E+0	5.280000E-2	6.590540E+0	1.024610E+6
2.410201E+2	8.451383E+0	5.160000E-2	6.588690E+0	1.024610E+6
2.420218E+2	8.450050E+0	5.290000E-2	6.588850E+0	1.024610E+6
2.430215E+2	8.452300E+0	5.250000E-2	6.588580E+0	1.024610E+6
2.440211E+2	8.438486E+0	5.320000E-2	6.590240E+0	1.024610E+6
2.450218E+2	8.431593E+0	5.340000E-2	6.591070E+0	1.024610E+6
2.460217E+2	8.451217E+0	5.150000E-2	6.588710E+0	1.024610E+6
2.470214E+2	8.489097E+0	5.330000E-2	6.584180E+0	1.024610E+6
2.480210E+2	8.420071E+0	5.230000E-2	6.592460E+0	1.024610E+6
2.490217E+2	8.459471E+0	5.250000E-2	6.587720E+0	1.024610E+6
2.500224E+2	8.474513E+0	5.200000E-2	6.585920E+0	1.024610E+6
2.510221E+2	8.483057E+0	5.340000E-2	6.584900E+0	1.024610E+6
2.520219E+2	8.504900E+0	5.250000E-2	6.582300E+0	1.024610E+6
2.530236E+2	8.508185E+0	5.270000E-2	6.581910E+0	1.024610E+6
2.540236E+2	8.529797E+0	5.190000E-2	6.579350E+0	1.024610E+6
2.550232E+2	8.512483E+0	5.320000E-2	6.581400E+0	1.024610E+6
2.560229E+2	8.514507E+0	5.340000E-2	6.581160E+0	1.024610E+6
2.570235E+2	8.546405E+0	5.280000E-2	6.577390E+0	1.024610E+6
2.580232E+2	8.542841E+0	5.250000E-2	6.577810E+0	1.024610E+6
2.590228E+2	8.538857E+0	5.210000E-2	6.578280E+0	1.024610E+6
2.600234E+2	8.553879E+0	5.260000E-2	6.576510E+0	1.024610E+6
2.610232E+2	8.572527E+0	5.300000E-2	6.574320E+0	1.024610E+6
2.620231E+2	8.574233E+0	5.300000E-2	6.574120E+0	1.024610E+6
2.630227E+2	8.596296E+0	5.350000E-2	6.571540E+0	1.024610E+6
2.640225E+2	8.589958E+0	5.160000E-2	6.572280E+0	1.024610E+6
2.650232E+2	8.607706E+0	5.220000E-2	6.570210E+0	1.024610E+6
2.660230E+2	8.565026E+0	5.130000E-2	6.575200E+0	1.024610E+6
2.670226E+2	8.592441E+0	5.190000E-2	6.571990E+0	1.024610E+6
2.680224E+2	8.707946E+0	5.190000E-2	6.558650E+0	1.024610E+6
2.690232E+2	8.572442E+0	5.180000E-2	6.574330E+0	1.024610E+6
2.700228E+2	8.654292E+0	5.340000E-2	6.564810E+0	1.024610E+6
2.710224E+2	8.706020E+0	5.300000E-2	6.558870E+0	1.024610E+6
2.720231E+2	8.614753E+0	5.320000E-2	6.569390E+0	1.024610E+6
2.730221E+2	8.718813E+0	5.160000E-2	6.557410E+0	1.024610E+6
2.740228E+2	8.740175E+0	5.220000E-2	6.554980E+0	1.024610E+6
2.750225E+2	8.663746E+0	5.320000E-2	6.563720E+0	1.024610E+6
2.760222E+2	8.779963E+0	5.320000E-2	6.550480E+0	1.024610E+6
2.770229E+2	8.647537E+0	5.310000E-2	6.565590E+0	1.024610E+6
2.780227E+2	8.763835E+0	5.360000E-2	6.552300E+0	1.024610E+6
2.790225E+2	8.770387E+0	5.280000E-2	6.551560E+0	1.024610E+6
2.800221E+2	8.701122E+0	5.210000E-2	6.559430E+0	1.024610E+6
2.810238E+2	8.784047E+0	5.180000E-2	6.550020E+0	1.024610E+6
2.820246E+2	8.766756E+0	5.220000E-2	6.551970E+0	1.024610E+6
2.830242E+2	8.740703E+0	5.290000E-2	6.554920E+0	1.024610E+6
2.840239E+2	8.839043E+0	5.260000E-2	6.543860E+0	1.024610E+6
2.850246E+2	8.688110E+0	5.350000E-2	6.560920E+0	1.024610E+6
2.860242E+2	8.790713E+0	5.240000E-2	6.549270E+0	1.024610E+6
2.870239E+2	8.828822E+0	5.320000E-2	6.545000E+0	1.024610E+6
2.880245E+2	8.682880E+0	5.310000E-2	6.561520E+0	1.024610E+6
2.890242E+2	8.779342E+0	5.300000E-2	6.550550E+0	1.024610E+6
2.900239E+2	8.821572E+0	5.170000E-2	6.545810E+0	1.024610E+6
2.910245E+2	8.713026E+0	5.260000E-2	6.558070E+0	1.024610E+6
2.920242E+2	8.792847E+0	5.110000E-2	6.549030E+0	1.024610E+6
2.930241E+2	8.794449E+0	5.210000E-2	6.548850E+0	1.024610E+6
2.940238E+2	8.737357E+0	5.210000E-2	6.555300E+0	1.024610E+6
2.950244E+2	8.796140E+0	5.240000E-2	6.548660E+0	1.024610E+6
2.960241E+2	8.792936E+0	5.120000E-2	6.549020E+0	1.024610E+6
2.970238E+2	8.747227E+0	5.200000E-2	6.554180E+0	1.024610E+6
2.980245E+2	8.855041E+0	5.210000E-2	6.542080E+0	1.024610E+6
2.990242E+2	8.702346E+0	5.240000E-2	6.559290E+0	1.024610E+6
3.000248E+2	8.794538E+0	5.100000E-2	6.548840E+0	1.024610E+6
3.010246E+2	8.638976E+0	5.280000E-2	6.566580E+0	1.024610E+6
3.020253E+2	8.778898E+0	5.290000E-2	6.550600E+0	1.024610E+6
3.030251E+2	8.895972E+0	5.210000E-2	6.537550E+0	1.024610E+6
3.040260E+2	8.679918E+0	5.250000E-2	6.561860E+0	1.024610E+6
3.050259E+2	8.736301E+0	5.140000E-2	6.555420E+0	1.024610E+6
3.060256E+2	8.932831E+0	5.120000E-2	6.533500E+0	1.024610E+6
3.070255E+2	8.813081E+0	5.310000E-2	6.546760E+0	1.024610E+6
3.080262E+2	8.663485E+0	5.180000E-2	6.563750E+0	1.024610E+6
3.090258E+2	8.905504E+0	5.230000E-2	6.536500E+0	1.024610E+6
3.100257E+2	8.945723E+0	5.240000E-2	6.532090E+0	1.024610E+6
3.110253E+2	8.704620E+0	5.180000E-2	6.559030E+0	1.024610E+6
3.120260E+2	8.769501E+0	5.290000E-2	6.551660E+0	1.024610E+6
3.130257E+2	8.986244E+0	5.210000E-2	6.527680E+0	1.024610E+6
3.140255E+2	8.794983E+0	5.320000E-2	6.548790E+0	1.024610E+6
3.150253E+2	8.719077E+0	5.160000E-2	6.557380E+0	1.024610E+6
3.160261E+2	8.957086E+0	5.200000E-2	6.530850E+0	1.024610E+6
3.170271E+2	9.018991E+0	5.180000E-2	6.524140E+0	1.024610E+6
3.180267E+2	8.787868E+0	5.360000E-2	6.549590E+0	1.024610E+6
3.190264E+2	8.757203E+0	5.250000E-2	6.553050E+0	1.024610E+6
3.200270E+2	8.936942E+0	5.310000E-2	6.533050E+0	1.024610E+6
3.210267E+2	8.933562E+0	5.160000E-2	6.533420E+0	1.024610E+6
3.220264E+2	8.710398E+0	5.180000E-2	6.558370E+0	1.024610E+6
3.230271E+2	8.902143E+0	5.290000E-2	6.536870E+0	1.024610E+6
3.240267E+2	8.970404E+0	5.240000E-2	6.529400E+0	1.024610E+6
3.250265E+2	8.744052E+0	5.370000E-2	6.554540E+0	1.024610E+6
3.260261E+2	8.836621E+0	5.350000E-2	6.544130E+0	1.024610E+6
3.270269E+2	9.009350E+0	5.210000E-2	6.525180E+0	1.024610E+6
3.280266E+2	8.771804E+0	5.280000E-2	6.551400E+0	1.024610E+6
3.290263E+2	8.846946E+0	5.310000E-2	6.542980E+0	1.024610E+6
3.300261E+2	9.021311E+0	5.320000E-2	6.523890E+0	1.024610E+6
3.310267E+2	8.862788E+0	5.220000E-2	6.541220E+0	1.024610E+6
3.320275E+2	8.736917E+0	5.360000E-2	6.555350E+0	1.024610E+6
3.330272E+2	8.980713E+0	5.270000E-2	6.528280E+0	1.024610E+6
3.340269E+2	9.018527E+0	5.210000E-2	6.524190E+0	1.024610E+6
3.350276E+2	8.752963E+0	5.320000E-2	6.553530E+0	1.024610E+6
3.360273E+2	8.856031E+0	5.270000E-2	6.541970E+0	1.024610E+6
3.370269E+2	9.006016E+0	5.190000E-2	6.525540E+0	1.024610E+6
3.380268E+2	8.783337E+0	5.280000E-2	6.550100E+0	1.024610E+6
3.390275E+2	8.851982E+0	5.260000E-2	6.542420E+0	1.024610E+6
3.400272E+2	9.025954E+0	5.350000E-2	6.523390E+0	1.024610E+6
3.410269E+2	8.776325E+0	5.350000E-2	6.550890E+0	1.024610E+6
3.420277E+2	8.822109E+0	5.370000E-2	6.545750E+0	1.024610E+6
3.430284E+2	9.006294E+0	5.270000E-2	6.525510E+0	1.024610E+6
3.440292E+2	8.843712E+0	5.280000E-2	6.543340E+0	1.024610E+6
3.450291E+2	8.735508E+0	5.190000E-2	6.555510E+0	1.024610E+6
3.460289E+2	8.979147E+0	5.360000E-2	6.528450E+0	1.024610E+6
3.470295E+2	8.938862E+0	5.410000E-2	6.532840E+0	1.024610E+6
3.480304E+2	8.736213E+0	5.240000E-2	6.555430E+0	1.024610E+6
3.490301E+2	8.909049E+0	5.260000E-2	6.536110E+0	1.024610E+6
3.500298E+2	8.940325E+0	5.310000E-2	6.532680E+0	1.024610E+6
3.510296E+2	8.947096E+0	5.330000E-2	6.531940E+0	1.024610E+6
3.520302E+2	8.926534E+0	5.350000E-2	6.534190E+0	1.024610E+6
3.530299E+2	8.880575E+0	5.200000E-2	6.539250E+0	1.024610E+6
3.540297E+2	8.930731E+0	5.230000E-2	6.533730E+0	1.024610E+6
3.550295E+2	8.944350E+0	5.250000E-2	6.532240E+0	1.024610E+6
3.560312E+2	8.948379E+0	5.280000E-2	6.531800E+0	1.024610E+6
3.570309E+2	8.887000E+0	5.230000E-2	6.538540E+0	1.024610E+6
3.580307E+2	8.821304E+0	5.380000E-2	6.545840E+0	1.024610E+6
3.590314E+2	8.838774E+0	5.420000E-2	6.543890E+0	1.024610E+6
3.600320E+2	8.857832E+0	5.420000E-2	6.541770E+0	1.024610E+6
3.610317E+2	8.829897E+0	5.410000E-2	6.544880E+0	1.024610E+6
3.620315E+2	8.906049E+0	5.370000E-2	6.536440E+0	1.024610E+6
3.630321E+2	8.910958E+0	5.210000E-2	6.535900E+0	1.024610E+6
3.640319E+2	8.846587E+0	5.280000E-2	6.543020E+0	1.024610E+6
3.650317E+2	8.864320E+0	5.380000E-2	6.541050E+0	1.024610E+6
3.660314E+2	8.840389E+0	5.440000E-2	6.543710E+0	1.024610E+6
3.670332E+2	8.803267E+0	5.350000E-2	6.547860E+0	1.024610E+6
3.680330E+2	8.821125E+0	5.420000E-2	6.545860E+0	1.024610E+6
3.690327E+2	8.769058E+0	5.440000E-2	6.551710E+0	1.024610E+6
3.700334E+2	8.756408E+0	5.290000E-2	6.553140E+0	1.024610E+6
3.710341E+2	8.768704E+0	5.240000E-2	6.551750E+0	1.024610E+6
3.720338E+2	8.781827E+0	5.330000E-2	6.550270E+0	1.024610E+6
3.730336E+2	9.044473E+0	5.430000E-2	6.521400E+0	1.024610E+6
3.740334E+2	8.964062E+0	5.420000E-2	6.530090E+0	1.024610E+6
3.750340E+2	8.923433E+0	5.520000E-2	6.534530E+0	1.024610E+6
3.760338E+2	9.210260E+0	5.370000E-2	6.503880E+0	1.024610E+6
3.770335E+2	8.793559E+0	5.450000E-2	6.548950E+0	1.024610E+6
3.780332E+2	9.027905E+0	5.320000E-2	6.523180E+0	1.024610E+6
3.790339E+2	8.980989E+0	5.360000E-2	6.528250E+0	1.024610E+6
3.800337E+2	8.936668E+0	5.360000E-2	6.533080E+0	1.024610E+6
3.810333E+2	9.220932E+0	5.490000E-2	6.502770E+0	1.024610E+6
3.820331E+2	8.818800E+0	5.440000E-2	6.546120E+0	1.024610E+6
3.830338E+2	9.061184E+0	5.510000E-2	6.519610E+0	1.024610E+6
3.840335E+2	9.194337E+0	5.400000E-2	6.505540E+0	1.024610E+6
3.850332E+2	8.980713E+0	5.500000E-2	6.528280E+0	1.024610E+6
3.860339E+2	9.269455E+0	5.470000E-2	6.497750E+0	1.024610E+6
3.870336E+2	8.850992E+0	5.480000E-2	6.542530E+0	1.024610E+6
3.880333E+2	9.081512E+0	5.450000E-2	6.517440E+0	1.024610E+6
3.890330E+2	9.182473E+0	5.570000E-2	6.506780E+0	1.024610E+6
3.900337E+2	8.871719E+0	5.370000E-2	6.540230E+0	1.024610E+6
3.910334E+2	9.071385E+0	5.390000E-2	6.518520E+0	1.024610E+6
3.920331E+2	9.301679E+0	5.390000E-2	6.494440E+0	1.024610E+6
3.930329E+2	8.886638E+0	5.440000E-2	6.538580E+0	1.024610E+6
3.940336E+2	9.044380E+0	5.490000E-2	6.521410E+0	1.024610E+6
3.950333E+2	9.311060E+0	5.400000E-2	6.493480E+0	1.024610E+6
3.960329E+2	8.891258E+0	5.490000E-2	6.538070E+0	1.024610E+6
3.970336E+2	9.216892E+0	5.470000E-2	6.503190E+0	1.024610E+6
3.980332E+2	9.097395E+0	5.490000E-2	6.515750E+0	1.024610E+6
3.990329E+2	9.027162E+0	5.480000E-2	6.523260E+0	1.024610E+6
4.000336E+2	9.146271E+0	5.490000E-2	6.510580E+0	1.024610E+6
4.010344E+2	9.150736E+0	5.340000E-2	6.510110E+0	1.024610E+6
4.020341E+2	9.096454E+0	5.610000E-2	6.515850E+0	1.024610E+6
4.030339E+2	9.008701E+0	5.470000E-2	6.525250E+0	1.024610E+6
4.040337E+2	9.278490E+0	5.560000E-2	6.496820E+0	1.024610E+6
4.050335E+2	9.117479E+0	5.520000E-2	6.513620E+0	1.024610E+6
4.060342E+2	9.101632E+0	5.380000E-2	6.515300E+0	1.024610E+6
4.070339E+2	9.143423E+0	5.550000E-2	6.510880E+0	1.024610E+6
4.080337E+2	9.160438E+0	5.550000E-2	6.509090E+0	1.024610E+6
4.090344E+2	9.122488E+0	5.440000E-2	6.513090E+0	1.024610E+6
4.100340E+2	9.121259E+0	5.610000E-2	6.513220E+0	1.024610E+6
4.110337E+2	9.180562E+0	5.580000E-2	6.506980E+0	1.024610E+6
4.120334E+2	9.119652E+0	5.520000E-2	6.513390E+0	1.024610E+6
4.130351E+2	9.138680E+0	5.570000E-2	6.511380E+0	1.024610E+6
4.140347E+2	9.178938E+0	5.660000E-2	6.507150E+0	1.024610E+6
4.150344E+2	9.197211E+0	5.480000E-2	6.505240E+0	1.024610E+6
4.160351E+2	9.193188E+0	5.430000E-2	6.505660E+0	1.024610E+6
4.170347E+2	9.220547E+0	5.560000E-2	6.502810E+0	1.024610E+6
4.180344E+2	9.220836E+0	5.560000E-2	6.502780E+0	1.024610E+6
4.190351E+2	9.224591E+0	5.670000E-2	6.502390E+0	1.024610E+6
4.200347E+2	9.230854E+0	5.820000E-2	6.501740E+0	1.024610E+6
4.210343E+2	9.239344E+0	5.630000E-2	6.500860E+0	1.024610E+6
4.220350E+2	9.245431E+0	5.490000E-2	6.500230E+0	1.024610E+6
4.230349E+2	9.251330E+0	5.610000E-2	6.499620E+0	1.024610E+6
4.240347E+2	9.265379E+0	5.700000E-2	6.498170E+0	1.024610E+6
4.250344E+2	9.267805E+0	5.610000E-2	6.497920E+0	1.024610E+6
4.260350E+2	9.277421E+0	5.620000E-2	6.496930E+0	1.024610E+6
4.270349E+2	9.277226E+0	5.750000E-2	6.496950E+0	1.024610E+6
4.280345E+2	9.262663E+0	5.670000E-2	6.498450E+0	1.024610E+6
4.290342E+2	9.205363E+0	5.700000E-2	6.504390E+0	1.024610E+6
4.300359E+2	9.404937E+0	5.660000E-2	6.483960E+0	1.024610E+6
4.310357E+2	9.263051E+0	5.760000E-2	6.498410E+0	1.024610E+6
4.320354E+2	9.447351E+0	5.650000E-2	6.479710E+0	1.024610E+6
4.330351E+2	9.290950E+0	5.670000E-2	6.495540E+0	1.024610E+6
4.340358E+2	9.198362E+0	5.700000E-2	6.505120E+0	1.024610E+6
4.350355E+2	9.405732E+0	5.740000E-2	6.483880E+0	1.024610E+6
4.360352E+2	9.234712E+0	5.740000E-2	6.501340E+0	1.024610E+6
4.370350E+2	9.548605E+0	5.740000E-2	6.469690E+0	1.024610E+6
4.380357E+2	9.310865E+0	5.730000E-2	6.493500E+0	1.024610E+6
4.390354E+2	9.420269E+0	5.910000E-2	6.482420E+0	1.024610E+6
4.400352E+2	9.345098E+0	5.920000E-2	6.490010E+0	1.024610E+6
4.410349E+2	9.243595E+0	5.930000E-2	6.500420E+0	1.024610E+6
4.420355E+2	9.537199E+0	5.810000E-2	6.470810E+0	1.024610E+6
4.430352E+2	9.338019E+0	5.980000E-2	6.490730E+0	1.024610E+6
4.440349E+2	9.456473E+0	5.860000E-2	6.478800E+0	1.024610E+6
4.450356E+2	9.398676E+0	5.980000E-2	6.484590E+0	1.024610E+6
4.460353E+2	9.218912E+0	5.890000E-2	6.502980E+0	1.024610E+6
4.470350E+2	9.523987E+0	6.020000E-2	6.472110E+0	1.024610E+6
4.480357E+2	9.242628E+0	6.140000E-2	6.500520E+0	1.024610E+6
4.490353E+2	9.587062E+0	6.230000E-2	6.465930E+0	1.024610E+6
4.500350E+2	9.378946E+0	6.150000E-2	6.486580E+0	1.024610E+6
4.510347E+2	9.451359E+0	6.170000E-2	6.479310E+0	1.024610E+6
4.520356E+2	9.449154E+0	6.030000E-2	6.479530E+0	1.024610E+6
4.530353E+2	9.625569E+0	6.130000E-2	6.462190E+0	1.024610E+6
4.540349E+2	9.274796E+0	6.110000E-2	6.497200E+0	1.024610E+6
4.550346E+2	9.237221E+0	6.010000E-2	6.501080E+0	1.024610E+6
4.560352E+2	9.424957E+0	6.160000E-2	6.481950E+0	1.024610E+6
4.570349E+2	9.669636E+0	6.310000E-2	6.457940E+0	1.024610E+6
4.580346E+2	9.370144E+0	6.280000E-2	6.487470E+0	1.024610E+6
4.590352E+2	9.220932E+0	6.250000E-2	6.502770E+0	1.024610E+6
4.600349E+2	9.402153E+0	6.180000E-2	6.484240E+0	1.024610E+6
4.610347E+2	9.704187E+0	6.230000E-2	6.454630E+0	1.024610E+6
4.620347E+2	9.460187E+0	6.100000E-2	6.478430E+0	1.024610E+6
4.630345E+2	9.287443E+0	6.250000E-2	6.495900E+0	1.024610E+6
4.640352E+2	9.523581E+0	6.240000E-2	6.472150E+0	1.024610E+6
4.650349E+2	9.731890E+0	6.230000E-2	6.451990E+0	1.024610E+6
4.660345E+2	9.443946E+0	6.240000E-2	6.480050E+0	1.024610E+6
4.670363E+2	9.278393E+0	6.300000E-2	6.496830E+0	1.024610E+6
4.680360E+2	9.498564E+0	6.300000E-2	6.474620E+0	1.024610E+6
4.690357E+2	9.784716E+0	6.130000E-2	6.446990E+0	1.024610E+6
4.700354E+2	9.499575E+0	6.380000E-2	6.474520E+0	1.024610E+6
4.710354E+2	9.351989E+0	6.310000E-2	6.489310E+0	1.024610E+6
4.720360E+2	9.627739E+0	6.210000E-2	6.461980E+0	1.024610E+6
4.730359E+2	9.791406E+0	6.250000E-2	6.446360E+0	1.024610E+6
4.740367E+2	9.499069E+0	6.240000E-2	6.474570E+0	1.024610E+6
4.750363E+2	9.345000E+0	6.120000E-2	6.490020E+0	1.024610E+6
4.760372E+2	9.578961E+0	6.300000E-2	6.466720E+0	1.024610E+6
4.770370E+2	9.795657E+0	6.240000E-2	6.445960E+0	1.024610E+6
4.780367E+2	9.347755E+0	6.330000E-2	6.489740E+0	1.024610E+6
4.790364E+2	9.469832E+0	6.230000E-2	6.477470E+0	1.024610E+6
4.800370E+2	9.737678E+0	6.270000E-2	6.451440E+0	1.024610E+6
4.810367E+2	9.681618E+0	6.350000E-2	6.456790E+0	1.024610E+6
4.820363E+2	9.486852E+0	6.090000E-2	6.475780E+0	1.024610E+6
4.830370E+2	9.363033E+0	6.160000E-2	6.488190E+0	1.024610E+6
4.840367E+2	9.336741E+0	6.250000E-2	6.490860E+0	1.024610E+6
4.850364E+2	9.356030E+0	6.300000E-2	6.488900E+0	1.024610E+6
4.860360E+2	9.417279E+0	6.260000E-2	6.482720E+0	1.024610E+6
4.870367E+2	9.509287E+0	6.340000E-2	6.473560E+0	1.024610E+6
4.880364E+2	9.571997E+0	6.150000E-2	6.467400E+0	1.024610E+6
4.890362E+2	9.673072E+0	6.230000E-2	6.457610E+0	1.024610E+6
4.900369E+2	9.808855E+0	6.210000E-2	6.444720E+0	1.024610E+6
4.910366E+2	9.832877E+0	6.150000E-2	6.442470E+0	1.024610E+6
4.920363E+2	9.818666E+0	6.250000E-2	6.443800E+0	1.024610E+6
4.930361E+2	9.727685E+0	6.210000E-2	6.452390E+0	1.024610E+6
4.940367E+2	9.561975E+0	6.110000E-2	6.468380E+0	1.024610E+6
4.950364E+2	9.434743E+0	6.220000E-2	6.480970E+0	1.024610E+6
4.960361E+2	9.403048E+0	6.270000E-2	6.484150E+0	1.024610E+6
4.970359E+2	9.421865E+0	6.220000E-2	6.482260E+0	1.024610E+6
4.980366E+2	9.526119E+0	6.150000E-2	6.471900E+0	1.024610E+6
4.990363E+2	9.727264E+0	6.350000E-2	6.452430E+0	1.024610E+6
5.000361E+2	9.520131E+0	6.250000E-2	6.472490E+0	1.024610E+6
5.010358E+2	9.810880E+0	6.370000E-2	6.444530E+0	1.024610E+6
5.020376E+2	9.533944E+0	6.310000E-2	6.471130E+0	1.024610E+6
5.030373E+2	9.756660E+0	6.330000E-2	6.449640E+0	1.024610E+6
5.040370E+2	9.647198E+0	6.280000E-2	6.460100E+0	1.024610E+6
5.050367E+2	9.639635E+0	6.380000E-2	6.460830E+0	1.024610E+6
5.060374E+2	9.818345E+0	6.230000E-2	6.443830E+0	1.024610E+6
5.070370E+2	9.584805E+0	6.230000E-2	6.466150E+0	1.024610E+6
5.080368E+2	9.868609E+0	6.300000E-2	6.439140E+0	1.024610E+6
5.090375E+2	9.633528E+0	6.120000E-2	6.461420E+0	1.024610E+6
5.100374E+2	9.778776E+0	6.220000E-2	6.447550E+0	1.024610E+6
5.110371E+2	9.769666E+0	6.190000E-2	6.448410E+0	1.024610E+6
5.120369E+2	9.677031E+0	6.280000E-2	6.457230E+0	1.024610E+6
5.130368E+2	9.889308E+0	6.190000E-2	6.437220E+0	1.024610E+6
5.140365E+2	9.615145E+0	6.210000E-2	6.463200E+0	1.024610E+6
5.150372E+2	9.882184E+0	6.160000E-2	6.437880E+0	1.024610E+6
5.160369E+2	9.756238E+0	6.250000E-2	6.449680E+0	1.024610E+6
5.170366E+2	9.784079E+0	6.120000E-2	6.447050E+0	1.024610E+6
5.180373E+2	9.754020E+0	6.320000E-2	6.449890E+0	1.024610E+6
5.190380E+2	9.736520E+0	6.240000E-2	6.451550E+0	1.024610E+6
5.200377E+2	9.905312E+0	6.310000E-2	6.435740E+0	1.024610E+6
5.210375E+2	9.648858E+0	6.230000E-2	6.459940E+0	1.024610E+6
5.220382E+2	9.924290E+0	6.340000E-2	6.433990E+0	1.024610E+6
5.230378E+2	9.677447E+0	6.250000E-2	6.457190E+0	1.024610E+6
5.240375E+2	9.821762E+0	6.080000E-2	6.443510E+0	1.024610E+6
5.250373E+2	9.748427E+0	6.150000E-2	6.450420E+0	1.024610E+6
5.260390E+2	9.769348E+0	6.320000E-2	6.448440E+0	1.024610E+6
5.270387E+2	9.805553E+0	6.270000E-2	6.445030E+0	1.024610E+6
5.280384E+2	9.833840E+0	6.200000E-2	6.442380E+0	1.024610E+6
5.290391E+2	9.742313E+0	6.220000E-2	6.451000E+0	1.024610E+6
5.300388E+2	9.802252E+0	6.210000E-2	6.445340E+0	1.024610E+6
5.310385E+2	9.837586E+0	6.300000E-2	6.442030E+0	1.024610E+6
5.320383E+2	9.838443E+0	6.060000E-2	6.441950E+0	1.024610E+6
5.330389E+2	9.830631E+0	6.230000E-2	6.442680E+0	1.024610E+6
5.340386E+2	9.818772E+0	6.270000E-2	6.443790E+0	1.024610E+6
5.350383E+2	9.870654E+0	6.340000E-2	6.438950E+0	1.024610E+6
5.360390E+2	9.856675E+0	6.300000E-2	6.440250E+0	1.024610E+6
5.370387E+2	9.911487E+0	6.250000E-2	6.435170E+0	1.024610E+6
5.380385E+2	9.884558E+0	6.160000E-2	6.437660E+0	1.024610E+6
5.390382E+2	9.916041E+0	6.190000E-2	6.434750E+0	1.024610E+6
5.400381E+2	9.923639E+0	6.170000E-2	6.434050E+0	1.024610E+6
5.410387E+2	9.945617E+0	6.150000E-2	6.432030E+0	1.024610E+6
5.420384E+2	9.959477E+0	6.220000E-2	6.430760E+0	1.024610E+6
5.430380E+2	1.000499E+1	6.390000E-2	6.426610E+0	1.024610E+6
5.440387E+2	9.991243E+0	6.360000E-2	6.427860E+0	1.024610E+6
5.450384E+2	1.001424E+1	6.240000E-2	6.425770E+0	1.024610E+6
5.460381E+2	1.002075E+1	6.250000E-2	6.425180E+0	1.024610E+6
5.470388E+2	1.007384E+1	6.210000E-2	6.420390E+0	1.024610E+6
5.480386E+2	1.009112E+1	6.220000E-2	6.418840E+0	1.024610E+6
5.490383E+2	1.009905E+1	6.250000E-2	6.418130E+0	1.024610E+6
5.500379E+2	1.007529E+1	6.250000E-2	6.420260E+0	1.024610E+6
5.510386E+2	1.009871E+1	6.200000E-2	6.418160E+0	1.024610E+6
5.520383E+2	1.014651E+1	6.390000E-2	6.413900E+0	1.024610E+6
5.530380E+2	1.019105E+1	6.090000E-2	6.409960E+0	1.024610E+6
5.540386E+2	1.024677E+1	6.100000E-2	6.405070E+0	1.024610E+6
5.550383E+2	1.026799E+1	6.230000E-2	6.403220E+0	1.024610E+6
5.560380E+2	1.025835E+1	6.320000E-2	6.404060E+0	1.024610E+6
5.570380E+2	1.020366E+1	6.260000E-2	6.408850E+0	1.024610E+6
5.580377E+2	1.019525E+1	6.220000E-2	6.409590E+0	1.024610E+6
5.590383E+2	1.025731E+1	6.240000E-2	6.404150E+0	1.024610E+6
5.600382E+2	1.032081E+1	6.290000E-2	6.398640E+0	1.024610E+6
5.610379E+2	1.037011E+1	6.140000E-2	6.394400E+0	1.024610E+6
5.620376E+2	1.035740E+1	6.260000E-2	6.395490E+0	1.024610E+6
5.630384E+2	1.034204E+1	6.250000E-2	6.396810E+0	1.024610E+6
5.640381E+2	1.031537E+1	6.370000E-2	6.399110E+0	1.024610E+6
5.650378E+2	1.034158E+1	6.240000E-2	6.396850E+0	1.024610E+6
5.660378E+2	1.034228E+1	6.180000E-2	6.396790E+0	1.024610E+6
5.670384E+2	1.038297E+1	6.230000E-2	6.393300E+0	1.024610E+6
5.680381E+2	1.034402E+1	6.100000E-2	6.396640E+0	1.024610E+6
5.690377E+2	1.041427E+1	6.400000E-2	6.390630E+0	1.024610E+6
5.700384E+2	1.036160E+1	6.190000E-2	6.395130E+0	1.024610E+6
5.710381E+2	1.042392E+1	6.100000E-2	6.389810E+0	1.024610E+6
5.720389E+2	1.041980E+1	6.280000E-2	6.390160E+0	1.024610E+6
5.730385E+2	1.044963E+1	6.070000E-2	6.387630E+0	1.024610E+6
5.740391E+2	1.044727E+1	6.310000E-2	6.387830E+0	1.024610E+6
5.750388E+2	1.046241E+1	6.330000E-2	6.386550E+0	1.024610E+6
5.760386E+2	1.048959E+1	6.350000E-2	6.384260E+0	1.024610E+6
5.770383E+2	1.049637E+1	6.370000E-2	6.383690E+0	1.024610E+6
5.780390E+2	1.050316E+1	6.300000E-2	6.383120E+0	1.024610E+6
5.790387E+2	1.047498E+1	6.310000E-2	6.385490E+0	1.024610E+6
5.800384E+2	1.059777E+1	6.250000E-2	6.375240E+0	1.024610E+6
5.810392E+2	1.057701E+1	6.220000E-2	6.376960E+0	1.024610E+6
5.820389E+2	1.055222E+1	6.200000E-2	6.379020E+0	1.024610E+6
5.830385E+2	1.056496E+1	6.270000E-2	6.377960E+0	1.024610E+6
5.840382E+2	1.058931E+1	6.180000E-2	6.375940E+0	1.024610E+6
5.850391E+2	1.055762E+1	6.150000E-2	6.378570E+0	1.024610E+6
5.860388E+2	1.059366E+1	6.240000E-2	6.375580E+0	1.024610E+6
5.870385E+2	1.066488E+1	6.330000E-2	6.369720E+0	1.024610E+6
5.880381E+2	1.061534E+1	6.160000E-2	6.373790E+0	1.024610E+6
5.890388E+2	1.061521E+1	6.310000E-2	6.373800E+0	1.024610E+6
5.900385E+2	1.064390E+1	6.370000E-2	6.371440E+0	1.024610E+6
5.910382E+2	1.068826E+1	6.170000E-2	6.367810E+0	1.024610E+6
5.920389E+2	1.068851E+1	6.290000E-2	6.367790E+0	1.024610E+6
5.930385E+2	1.069477E+1	6.310000E-2	6.367280E+0	1.024610E+6
5.940393E+2	1.062140E+1	6.230000E-2	6.373290E+0	1.024610E+6
5.950391E+2	1.074752E+1	6.200000E-2	6.363000E+0	1.024610E+6
5.960408E+2	1.064865E+1	6.330000E-2	6.371050E+0	1.024610E+6
5.970416E+2	1.076437E+1	6.070000E-2	6.361640E+0	1.024610E+6
5.980426E+2	1.072245E+1	6.310000E-2	6.365030E+0	1.024610E+6
5.990424E+2	1.076648E+1	6.260000E-2	6.361470E+0	1.024610E+6
6.000420E+2	1.075136E+1	6.180000E-2	6.362690E+0	1.024610E+6
6.010427E+2	1.076710E+1	6.370000E-2	6.361420E+0	1.024610E+6
6.020424E+2	1.088594E+1	6.220000E-2	6.351930E+0	1.024610E+6
6.030420E+2	1.076437E+1	6.040000E-2	6.361640E+0	1.024610E+6
6.040419E+2	1.091964E+1	6.360000E-2	6.349270E+0	1.024610E+6
6.050436E+2	1.076996E+1	6.220000E-2	6.361190E+0	1.024610E+6
6.060433E+2	1.089847E+1	6.180000E-2	6.350940E+0	1.024610E+6
6.070431E+2	1.080294E+1	6.320000E-2	6.358540E+0	1.024610E+6
6.080428E+2	1.086790E+1	6.250000E-2	6.353360E+0	1.024610E+6
6.090427E+2	1.094764E+1	6.070000E-2	6.347070E+0	1.024610E+6
6.100436E+2	1.083710E+1	6.300000E-2	6.355810E+0	1.024610E+6
6.110433E+2	1.097985E+1	6.160000E-2	6.344550E+0	1.024610E+6
6.120440E+2	1.084111E+1	6.100000E-2	6.355490E+0	1.024610E+6
6.130437E+2	1.096257E+1	6.340000E-2	6.345900E+0	1.024610E+6
6.140454E+2	1.083409E+1	6.220000E-2	6.356050E+0	1.024610E+6
6.150451E+2	1.091926E+1	6.110000E-2	6.349300E+0	1.024610E+6
6.160448E+2	1.088443E+1	6.380000E-2	6.352050E+0	1.024610E+6
6.170455E+2	1.092803E+1	6.270000E-2	6.348610E+0	1.024610E+6
6.180451E+2	1.095236E+1	6.200000E-2	6.346700E+0	1.024610E+6
6.190448E+2	1.090518E+1	6.320000E-2	6.350410E+0	1.024610E+6
6.200445E+2	1.097319E+1	6.400000E-2	6.345070E+0	1.024610E+6
6.210452E+2	1.099036E+1	6.340000E-2	6.343730E+0	1.024610E+6
6.220448E+2	1.101943E+1	6.360000E-2	6.341470E+0	1.024610E+6
6.230446E+2	1.100115E+1	6.340000E-2	6.342890E+0	1.024610E+6
6.240453E+2	1.098754E+1	6.390000E-2	6.343950E+0	1.024610E+6
6.250459E+2	1.092383E+1	6.350000E-2	6.348940E+0	1.024610E+6
6.260456E+2	1.093146E+1	6.410000E-2	6.348340E+0	1.024610E+6
6.270462E+2	1.092243E+1	6.310000E-2	6.349050E+0	1.024610E+6
6.280459E+2	1.096027E+1	6.340000E-2	6.346080E+0	1.024610E+6
6.290455E+2	1.098934E+1	6.270000E-2	6.343810E+0	1.024610E+6
6.300472E+2	1.104823E+1	6.330000E-2	6.339240E+0	1.024610E+6
6.310469E+2	1.107664E+1	6.230000E-2	6.337050E+0	1.024610E+6
6.320476E+2	1.100334E+1	6.260000E-2	6.342720E+0	1.024610E+6
6.330474E+2	1.101402E+1	6.050000E-2	6.341890E+0	1.024610E+6
6.340491E+2	1.097012E+1	6.380000E-2	6.345310E+0	1.024610E+6
6.350488E+2	1.100578E+1	6.160000E-2	6.342530E+0	1.024610E+6
6.360485E+2	1.106768E+1	6.140000E-2	6.337740E+0	1.024610E+6
6.370482E+2	1.098703E+1	6.270000E-2	6.343990E+0	1.024610E+6
6.380482E+2	1.109082E+1	6.140000E-2	6.335960E+0	1.024610E+6
6.390489E+2	1.096564E+1	6.310000E-2	6.345660E+0	1.024610E+6
6.400486E+2	1.104345E+1	6.230000E-2	6.339610E+0	1.024610E+6
6.410483E+2	1.091240E+1	6.340000E-2	6.349840E+0	1.024610E+6
6.420482E+2	1.096372E+1	6.270000E-2	6.345810E+0	1.024610E+6
6.430490E+2	1.083760E+1	6.160000E-2	6.355770E+0	1.024610E+6
6.440488E+2	1.091494E+1	6.240000E-2	6.349640E+0	1.024610E+6
6.450497E+2	1.073862E+1	6.110000E-2	6.363720E+0	1.024610E+6
6.460495E+2	1.088746E+1	6.310000E-2	6.351810E+0	1.024610E+6
6.470491E+2	1.074096E+1	6.220000E-2	6.363530E+0	1.024610E+6
6.480499E+2	1.080893E+1	6.290000E-2	6.358060E+0	1.024610E+6
6.490496E+2	1.066452E+1	6.210000E-2	6.369750E+0	1.024610E+6
6.500492E+2	1.075235E+1	6.220000E-2	6.362610E+0	1.024610E+6
6.510494E+2	1.062529E+1	6.220000E-2	6.372970E+0	1.024610E+6
6.520492E+2	1.070103E+1	6.070000E-2	6.366770E+0	1.024610E+6
6.530489E+2	1.066635E+1	6.290000E-2	6.369600E+0	1.024610E+6
6.540497E+2	1.064792E+1	6.100000E-2	6.371110E+0	1.024610E+6
6.550494E+2	1.074542E+1	6.350000E-2	6.363170E+0	1.024610E+6
6.560491E+2	1.058630E+1	6.180000E-2	6.376190E+0	1.024610E+6
6.570489E+2	1.064451E+1	6.320000E-2	6.371390E+0	1.024610E+6
6.580487E+2	1.054166E+1	6.140000E-2	6.379900E+0	1.024610E+6
6.590495E+2	1.060044E+1	6.360000E-2	6.375020E+0	1.024610E+6
6.600492E+2	1.067687E+1	6.070000E-2	6.368740E+0	1.024610E+6
6.610488E+2	1.056135E+1	6.340000E-2	6.378260E+0	1.024610E+6
6.620494E+2	1.064828E+1	6.280000E-2	6.371080E+0	1.024610E+6
6.630491E+2	1.050674E+1	6.330000E-2	6.382820E+0	1.024610E+6
6.640488E+2	1.059657E+1	6.260000E-2	6.375340E+0	1.024610E+6
6.650495E+2	1.050197E+1	6.170000E-2	6.383220E+0	1.024610E+6
6.660492E+2	1.057544E+1	6.270000E-2	6.377090E+0	1.024610E+6
6.670490E+2	1.054466E+1	6.110000E-2	6.379650E+0	1.024610E+6
6.680486E+2	1.053195E+1	6.080000E-2	6.380710E+0	1.024610E+6
6.690494E+2	1.055174E+1	6.150000E-2	6.379060E+0	1.024610E+6
6.700502E+2	1.056159E+1	6.400000E-2	6.378240E+0	1.024610E+6
6.710499E+2	1.056508E+1	6.240000E-2	6.377950E+0	1.024610E+6
6.720496E+2	1.054814E+1	6.210000E-2	6.379360E+0	1.024610E+6
6.730514E+2	1.052453E+1	6.190000E-2	6.381330E+0	1.024610E+6
6.740512E+2	1.047676E+1	6.290000E-2	6.385340E+0	1.024610E+6
6.750510E+2	1.050960E+1	6.380000E-2	6.382580E+0	1.024610E+6
6.760506E+2	1.049304E+1	6.280000E-2	6.383970E+0	1.024610E+6
6.770514E+2	1.048436E+1	6.140000E-2	6.384700E+0	1.024610E+6
6.780511E+2	1.045507E+1	6.170000E-2	6.387170E+0	1.024610E+6
6.790509E+2	1.043440E+1	6.300000E-2	6.388920E+0	1.024610E+6
6.800505E+2	1.041968E+1	6.280000E-2	6.390170E+0	1.024610E+6
6.810512E+2	1.038180E+1	6.270000E-2	6.393400E+0	1.024610E+6
6.820520E+2	1.033368E+1	6.380000E-2	6.397530E+0	1.024610E+6
6.830517E+2	1.032788E+1	6.400000E-2	6.398030E+0	1.024610E+6
6.840515E+2	1.029434E+1	6.140000E-2	6.400930E+0	1.024610E+6
6.850521E+2	1.026891E+1	6.150000E-2	6.403140E+0	1.024610E+6
6.860530E+2	1.026626E+1	6.310000E-2	6.403370E+0	1.024610E+6
6.870527E+2	1.016885E+1	6.350000E-2	6.411920E+0	1.024610E+6
6.880527E+2	1.025445E+1	6.230000E-2	6.404400E+0	1.024610E+6
6.890524E+2	1.010128E+1	6.130000E-2	6.417930E+0	1.024610E+6
6.900521E+2	1.017904E+1	6.160000E-2	6.411020E+0	1.024610E+6
6.910528E+2	1.017191E+1	6.210000E-2	6.411650E+0	1.024610E+6
6.920526E+2	1.016614E+1	6.290000E-2	6.412160E+0	1.024610E+6
6.930534E+2	1.004840E+1	6.290000E-2	6.422680E+0	1.024610E+6
6.940531E+2	9.997946E+0	6.190000E-2	6.427250E+0	1.024610E+6
6.950538E+2	9.945835E+0	6.180000E-2	6.432010E+0	1.024610E+6
6.960535E+2	9.888552E+0	6.180000E-2	6.437290E+0	1.024610E+6
6.970531E+2	9.790237E+0	6.100000E-2	6.446470E+0	1.024610E+6
6.980541E+2	9.704501E+0	6.160000E-2	6.454600E+0	1.024610E+6
6.990559E+2	9.702722E+0	6.140000E-2	6.454770E+0	1.024610E+6
7.000556E+2	9.713722E+0	6.190000E-2	6.453720E+0	1.024610E+6
7.010553E+2	9.764799E+0	6.290000E-2	6.448870E+0	1.024610E+6
7.020550E+2	9.615764E+0	6.410000E-2	6.463140E+0	1.024610E+6
7.030557E+2	9.573635E+0	6.190000E-2	6.467240E+0	1.024610E+6
7.040554E+2	9.531097E+0	6.190000E-2	6.471410E+0	1.024610E+6
7.050551E+2	9.508072E+0	6.230000E-2	6.473680E+0	1.024610E+6
7.060549E+2	9.389744E+0	6.300000E-2	6.485490E+0	1.024610E+6
7.070557E+2	9.423361E+0	6.170000E-2	6.482110E+0	1.024610E+6
7.080554E+2	9.470939E+0	6.230000E-2	6.477360E+0	1.024610E+6
7.090551E+2	9.462094E+0	6.110000E-2	6.478240E+0	1.024610E+6
7.100558E+2	9.421665E+0	6.040000E-2	6.482280E+0	1.024610E+6
7.110565E+2	9.370243E+0	6.010000E-2	6.487460E+0	1.024610E+6
7.120571E+2	9.357706E+0	5.960000E-2	6.488730E+0	1.024610E+6
7.130569E+2	9.328397E+0	6.010000E-2	6.491710E+0	1.024610E+6
7.140576E+2	9.241952E+0	5.860000E-2	6.500590E+0	1.024610E+6
7.150574E+2	9.439643E+0	5.830000E-2	6.480480E+0	1.024610E+6
7.160571E+2	9.310376E+0	5.680000E-2	6.493550E+0	1.024610E+6
7.170568E+2	9.362342E+0	5.740000E-2	6.488260E+0	1.024610E+6
7.180584E+2	9.224687E+0	5.670000E-2	6.502380E+0	1.024610E+6
7.190581E+2	9.303144E+0	5.690000E-2	6.494290E+0	1.024610E+6
7.200581E+2	9.227191E+0	5.590000E-2	6.502120E+0	1.024610E+6
7.210577E+2	9.197786E+0	5.500000E-2	6.505180E+0	1.024610E+6
7.220585E+2	9.164247E+0	5.540000E-2	6.508690E+0	1.024610E+6
7.230582E+2	9.168345E+0	5.480000E-2	6.508260E+0	1.024610E+6
7.240579E+2	9.108607E+0	5.420000E-2	6.514560E+0	1.024610E+6
7.250576E+2	9.050815E+0	5.560000E-2	6.520720E+0	1.024610E+6
7.260583E+2	9.110871E+0	5.410000E-2	6.514320E+0	1.024610E+6
7.270582E+2	8.917693E+0	5.440000E-2	6.535160E+0	1.024610E+6
7.280579E+2	9.016208E+0	5.330000E-2	6.524440E+0	1.024610E+6
7.290575E+2	8.924345E+0	5.250000E-2	6.534430E+0	1.024610E+6
7.300583E+2	8.973807E+0	5.420000E-2	6.529030E+0	1.024610E+6
7.310579E+2	8.872803E+0	5.410000E-2	6.540110E+0	1.024610E+6
7.320577E+2	9.025025E+0	5.410000E-2	6.523490E+0	1.024610E+6
7.330574E+2	8.781916E+0	5.460000E-2	6.550260E+0	1.024610E+6
7.340581E+2	8.966083E+0	5.380000E-2	6.529870E+0	1.024610E+6
7.350578E+2	8.815136E+0	5.390000E-2	6.546530E+0	1.024610E+6
7.360575E+2	8.808261E+0	5.350000E-2	6.547300E+0	1.024610E+6
7.370573E+2	8.732869E+0	5.370000E-2	6.555810E+0	1.024610E+6
7.380579E+2	8.773665E+0	5.370000E-2	6.551190E+0	1.024610E+6
7.390576E+2	8.769146E+0	5.300000E-2	6.551700E+0	1.024610E+6
7.400573E+2	8.886728E+0	5.230000E-2	6.538570E+0	1.024610E+6
7.410581E+2	8.794538E+0	5.290000E-2	6.548840E+0	1.024610E+6
7.420580E+2	8.742994E+0	5.300000E-2	6.554660E+0	1.024610E+6
7.430587E+2	8.608565E+0	5.300000E-2	6.570110E+0	1.024610E+6
7.440584E+2	8.493043E+0	5.300000E-2	6.583710E+0	1.024610E+6
7.450591E+2	8.529374E+0	5.220000E-2	6.579400E+0	1.024610E+6
7.460597E+2	8.435329E+0	5.270000E-2	6.590620E+0	1.024610E+6
7.470594E+2	8.503132E+0	5.260000E-2	6.582510E+0	1.024610E+6
7.480593E+2	8.449967E+0	5.340000E-2	6.588860E+0	1.024610E+6
7.490600E+2	8.496824E+0	5.250000E-2	6.583260E+0	1.024610E+6
7.500598E+2	8.370140E+0	5.250000E-2	6.598520E+0	1.024610E+6
7.510595E+2	8.301575E+0	5.250000E-2	6.606940E+0	1.024610E+6
7.520592E+2	8.286797E+0	5.350000E-2	6.608770E+0	1.024610E+6
7.530591E+2	8.177141E+0	5.230000E-2	6.622520E+0	1.024610E+6
7.540597E+2	8.236572E+0	5.420000E-2	6.615030E+0	1.024610E+6
7.550593E+2	8.253204E+0	5.390000E-2	6.612950E+0	1.024610E+6
7.560590E+2	8.326872E+0	5.370000E-2	6.603820E+0	1.024610E+6
7.570607E+2	8.253044E+0	5.340000E-2	6.612970E+0	1.024610E+6
7.580604E+2	8.259856E+0	5.460000E-2	6.612120E+0	1.024610E+6
7.590612E+2	8.168394E+0	5.330000E-2	6.623630E+0	1.024610E+6
7.600609E+2	8.091450E+0	5.370000E-2	6.633480E+0	1.024610E+6
7.610615E+2	8.119354E+0	5.260000E-2	6.629890E+0	1.024610E+6
7.620622E+2	8.078679E+0	5.410000E-2	6.635130E+0	1.024610E+6
7.630619E+2	8.226763E+0	5.350000E-2	6.616260E+0	1.024610E+6
7.640636E+2	8.228277E+0	5.450000E-2	6.616070E+0	1.024610E+6
7.650633E+2	8.208711E+0	5.290000E-2	6.618530E+0	1.024610E+6
7.660629E+2	8.145301E+0	5.350000E-2	6.626570E+0	1.024610E+6
7.670627E+2	8.055006E+0	5.300000E-2	6.638200E+0	1.024610E+6
7.680634E+2	8.186535E+0	5.200000E-2	6.621330E+0	1.024610E+6
7.690631E+2	8.164695E+0	5.270000E-2	6.624100E+0	1.024610E+6
7.700628E+2	8.155970E+0	5.390000E-2	6.625210E+0	1.024610E+6
7.710626E+2	8.122082E+0	5.310000E-2	6.629540E+0	1.024610E+6
7.720633E+2	8.045477E+0	5.300000E-2	6.639440E+0	1.024610E+6
7.730631E+2	7.935726E+0	5.310000E-2	6.653900E+0	1.024610E+6
7.740628E+2	7.776794E+0	5.290000E-2	6.675440E+0	1.024610E+6
7.750627E+2	7.574995E+0	5.330000E-2	6.703870E+0	1.024610E+6
7.760625E+2	7.339808E+0	5.330000E-2	6.738640E+0	1.024610E+6
7.770633E+2	7.074158E+0	5.330000E-2	6.780220E+0	1.024610E+6
7.780630E+2	6.797260E+0	5.400000E-2	6.826430E+0	1.024610E+6
7.790628E+2	6.534098E+0	5.400000E-2	6.873360E+0	1.024610E+6
7.800624E+2	6.321257E+0	5.480000E-2	6.913690E+0	1.024610E+6
7.810631E+2	6.161665E+0	5.440000E-2	6.945450E+0	1.024610E+6
7.820627E+2	6.051391E+0	5.460000E-2	6.968210E+0	1.024610E+6
7.830624E+2	5.981392E+0	5.410000E-2	6.983020E+0	1.024610E+6
7.840631E+2	5.951004E+0	5.430000E-2	6.989540E+0	1.024610E+6
7.850627E+2	5.941132E+0	5.470000E-2	6.991670E+0	1.024610E+6
7.860624E+2	5.950493E+0	5.380000E-2	6.989650E+0	1.024610E+6
7.870630E+2	5.968030E+0	5.410000E-2	6.985880E+0	1.024610E+6
7.880627E+2	5.992456E+0	5.450000E-2	6.980660E+0	1.024610E+6
7.890624E+2	6.019697E+0	5.390000E-2	6.974880E+0	1.024610E+6
7.900632E+2	6.044953E+0	5.350000E-2	6.969560E+0	1.024610E+6
7.910628E+2	6.065880E+0	5.390000E-2	6.965180E+0	1.024610E+6
7.920636E+2	6.084712E+0	5.360000E-2	6.961260E+0	1.024610E+6
7.930633E+2	6.102238E+0	5.380000E-2	6.957630E+0	1.024610E+6
7.940640E+2	6.113338E+0	5.380000E-2	6.955340E+0	1.024610E+6
7.950649E+2	6.125445E+0	5.420000E-2	6.952850E+0	1.024610E+6
7.960657E+2	6.134272E+0	5.390000E-2	6.951040E+0	1.024610E+6
7.970656E+2	6.140771E+0	5.370000E-2	6.949710E+0	1.024610E+6
7.980652E+2	6.145665E+0	5.380000E-2	6.948710E+0	1.024610E+6
7.990651E+2	6.148604E+0	5.410000E-2	6.948110E+0	1.024610E+6
8.000658E+2	6.154098E+0	5.380000E-2	6.946990E+0	1.024610E+6
8.010656E+2	6.154638E+0	5.370000E-2	6.946880E+0	1.024610E+6
8.020654E+2	6.158027E+0	5.360000E-2	6.946190E+0	1.024610E+6
8.030650E+2	6.160534E+0	5.400000E-2	6.945680E+0	1.024610E+6
8.040657E+2	6.161567E+0	5.380000E-2	6.945470E+0	1.024610E+6
8.050656E+2	6.162058E+0	5.410000E-2	6.945370E+0	1.024610E+6
8.060653E+2	6.163879E+0	5.420000E-2	6.945000E+0	1.024610E+6
8.070649E+2	6.164617E+0	5.430000E-2	6.944850E+0	1.024610E+6
8.080656E+2	6.165405E+0	5.400000E-2	6.944690E+0	1.024610E+6
8.090653E+2	6.168558E+0	5.450000E-2	6.944050E+0	1.024610E+6
8.100650E+2	6.165750E+0	5.380000E-2	6.944620E+0	1.024610E+6
8.110668E+2	6.169050E+0	5.380000E-2	6.943950E+0	1.024610E+6
8.120675E+2	6.171072E+0	5.440000E-2	6.943540E+0	1.024610E+6
8.130671E+2	6.169445E+0	5.430000E-2	6.943870E+0	1.024610E+6
8.140669E+2	6.171910E+0	5.390000E-2	6.943370E+0	1.024610E+6
8.150676E+2	6.173291E+0	5.430000E-2	6.943090E+0	1.024610E+6
8.160674E+2	6.172354E+0	5.380000E-2	6.943280E+0	1.024610E+6
8.170671E+2	6.174278E+0	5.450000E-2	6.942890E+0	1.024610E+6
8.180667E+2	6.176796E+0	5.380000E-2	6.942380E+0	1.024610E+6
8.190674E+2	6.176599E+0	5.370000E-2	6.942420E+0	1.024610E+6
8.200671E+2	6.177587E+0	5.360000E-2	6.942220E+0	1.024610E+6
8.210667E+2	6.179514E+0	5.300000E-2	6.941830E+0	1.024610E+6
8.220674E+2	6.176796E+0	5.400000E-2	6.942380E+0	1.024610E+6
8.230672E+2	6.180799E+0	5.430000E-2	6.941570E+0	1.024610E+6
8.240669E+2	6.178525E+0	5.390000E-2	6.942030E+0	1.024610E+6
8.250666E+2	6.179464E+0	5.450000E-2	6.941840E+0	1.024610E+6
8.260672E+2	6.181986E+0	5.440000E-2	6.941330E+0	1.024610E+6
8.270681E+2	6.181788E+0	5.400000E-2	6.941370E+0	1.024610E+6
8.280678E+2	6.183618E+0	5.310000E-2	6.941000E+0	1.024610E+6
8.290685E+2	6.182134E+0	5.320000E-2	6.941300E+0	1.024610E+6
8.300683E+2	6.183024E+0	5.300000E-2	6.941120E+0	1.024610E+6
8.310690E+2	6.185548E+0	5.340000E-2	6.940610E+0	1.024610E+6
8.320688E+2	6.182332E+0	5.340000E-2	6.941260E+0	1.024610E+6
8.330686E+2	6.186291E+0	5.320000E-2	6.940460E+0	1.024610E+6
8.340694E+2	6.185647E+0	5.330000E-2	6.940590E+0	1.024610E+6
8.350700E+2	6.185548E+0	5.340000E-2	6.940610E+0	1.024610E+6
8.360697E+2	6.187925E+0	5.390000E-2	6.940130E+0	1.024610E+6
8.370695E+2	6.186044E+0	5.350000E-2	6.940510E+0	1.024610E+6
8.380701E+2	6.186588E+0	5.350000E-2	6.940400E+0	1.024610E+6
8.390698E+2	6.188223E+0	5.360000E-2	6.940070E+0	1.024610E+6
8.400695E+2	6.188768E+0	5.410000E-2	6.939960E+0	1.024610E+6
8.410702E+2	6.190502E+0	5.340000E-2	6.939610E+0	1.024610E+6
8.420709E+2	6.190453E+0	5.420000E-2	6.939620E+0	1.024610E+6
8.430707E+2	6.187678E+0	5.420000E-2	6.940180E+0	1.024610E+6
8.440703E+2	6.190552E+0	5.400000E-2	6.939600E+0	1.024610E+6
8.450711E+2	6.190998E+0	5.440000E-2	6.939510E+0	1.024610E+6
8.460709E+2	6.189015E+0	5.410000E-2	6.939910E+0	1.024610E+6
8.470705E+2	6.188966E+0	5.390000E-2	6.939920E+0	1.024610E+6
8.480702E+2	6.190651E+0	5.330000E-2	6.939580E+0	1.024610E+6
8.490711E+2	6.190502E+0	5.370000E-2	6.939610E+0	1.024610E+6
8.500718E+2	6.190552E+0	5.360000E-2	6.939600E+0	1.024610E+6
8.510714E+2	6.194024E+0	5.390000E-2	6.938900E+0	1.024610E+6
8.520711E+2	6.191940E+0	5.350000E-2	6.939320E+0	1.024610E+6
8.530720E+2	6.192387E+0	5.340000E-2	6.939230E+0	1.024610E+6
8.540719E+2	6.191494E+0	5.360000E-2	6.939410E+0	1.024610E+6
8.550716E+2	6.192337E+0	5.360000E-2	6.939240E+0	1.024610E+6
8.560713E+2	6.194669E+0	5.340000E-2	6.938770E+0	1.024610E+6
8.570711E+2	6.194867E+0	5.360000E-2	6.938730E+0	1.024610E+6
8.580717E+2	6.192585E+0	5.400000E-2	6.939190E+0	1.024610E+6
8.590714E+2	6.191643E+0	5.360000E-2	6.939380E+0	1.024610E+6
8.600710E+2	6.194272E+0	5.400000E-2	6.938850E+0	1.024610E+6
8.610728E+2	6.193924E+0	5.390000E-2	6.938920E+0	1.024610E+6
8.620726E+2	6.194619E+0	5.360000E-2	6.938780E+0	1.024610E+6
8.630724E+2	6.195165E+0	5.350000E-2	6.938670E+0	1.024610E+6
8.640723E+2	6.194222E+0	5.320000E-2	6.938860E+0	1.024610E+6
8.650721E+2	6.194867E+0	5.350000E-2	6.938730E+0	1.024610E+6
8.660728E+2	6.195910E+0	5.390000E-2	6.938520E+0	1.024610E+6
8.670724E+2	6.194867E+0	5.410000E-2	6.938730E+0	1.024610E+6
8.680732E+2	6.196803E+0	5.340000E-2	6.938340E+0	1.024610E+6
8.690729E+2	6.195661E+0	5.380000E-2	6.938570E+0	1.024610E+6
8.700735E+2	6.195512E+0	5.390000E-2	6.938600E+0	1.024610E+6
8.710733E+2	6.196505E+0	5.360000E-2	6.938400E+0	1.024610E+6
8.720730E+2	6.196456E+0	5.350000E-2	6.938410E+0	1.024610E+6
8.730727E+2	6.195562E+0	5.330000E-2	6.938590E+0	1.024610E+6
8.740733E+2	6.197399E+0	5.350000E-2	6.938220E+0	1.024610E+6
8.750730E+2	6.197846E+0	5.360000E-2	6.938130E+0	1.024610E+6
8.760727E+2	6.197449E+0	5.320000E-2	6.938210E+0	1.024610E+6
8.770734E+2	6.121940E+0	5.310000E-2	6.953570E+0	1.024610E+6
8.780731E+2	6.190601E+0	5.380000E-2	6.939590E+0	1.024610E+6
8.790728E+2	6.197002E+0	5.350000E-2	6.938300E+0	1.024610E+6
8.800727E+2	6.197697E+0	5.350000E-2	6.938160E+0	1.024610E+6
8.810733E+2	6.196952E+0	5.350000E-2	6.938310E+0	1.024610E+6
8.820730E+2	6.196257E+0	5.390000E-2	6.938450E+0	1.024610E+6
8.830727E+2	6.198790E+0	5.340000E-2	6.937940E+0	1.024610E+6
8.840734E+2	6.200231E+0	5.340000E-2	6.937650E+0	1.024610E+6
8.850731E+2	6.199784E+0	5.330000E-2	6.937740E+0	1.024610E+6
8.860727E+2	6.197151E+0	5.400000E-2	6.938270E+0	1.024610E+6
8.870724E+2	6.198244E+0	5.360000E-2	6.938050E+0	1.024610E+6
8.880730E+2	6.198939E+0	5.400000E-2	6.937910E+0	1.024610E+6
8.890727E+2	6.198790E+0	5.380000E-2	6.937940E+0	1.024610E+6
8.900723E+2	6.197797E+0	5.360000E-2	6.938140E+0	1.024610E+6
8.910730E+2	6.198790E+0	5.380000E-2	6.937940E+0	1.024610E+6
8.920736E+2	6.199188E+0	5.310000E-2	6.937860E+0	1.024610E+6
8.930733E+2	6.200281E+0	-1.580000E-2	6.937640E+0	1.024610E+6
8.940740E+2	6.199834E+0	3.750000E-2	6.937730E+0	1.024610E+6
8.950738E+2	6.199038E+0	5.210000E-2	6.937890E+0	1.024610E+6
8.960735E+2	6.201573E+0	5.320000E-2	6.937380E+0	1.024610E+6
8.970741E+2	6.199237E+0	4.880000E-2	6.937850E+0	1.024610E+6
8.980739E+2	6.200231E+0	4.150000E-2	6.937650E+0	1.024610E+6
8.990746E+2	6.199734E+0	4.970000E-2	6.937750E+0	1.024610E+6
9.000743E+2	6.199635E+0	4.610000E-2	6.937770E+0	1.024610E+6
9.010760E+2	6.200529E+0	3.400000E-2	6.937590E+0	1.024610E+6
9.020766E+2	6.198442E+0	4.360000E-2	6.938010E+0	1.024610E+6
9.030763E+2	6.198889E+0	4.970000E-2	6.937920E+0	1.024610E+6
9.040770E+2	6.200430E+0	4.780000E-2	6.937610E+0	1.024610E+6
9.050768E+2	6.200579E+0	5.390000E-2	6.937580E+0	1.024610E+6
9.060766E+2	6.200331E+0	5.440000E-2	6.937630E+0	1.024610E+6
9.070763E+2	6.199088E+0	5.650000E-2	6.937880E+0	1.024610E+6
9.080760E+2	6.199734E+0	5.640000E-2	6.937750E+0	1.024610E+6
9.090767E+2	6.201026E+0	5.300000E-2	6.937490E+0	1.024610E+6
9.100764E+2	6.201176E+0	4.780000E-2	6.937460E+0	1.024610E+6
9.110760E+2	6.199635E+0	5.930000E-2	6.937770E+0	1.024610E+6
9.120766E+2	6.203016E+0	5.700000E-2	6.937090E+0	1.024610E+6
9.130764E+2	6.202667E+0	5.670000E-2	6.937160E+0	1.024610E+6
9.140761E+2	6.199287E+0	5.420000E-2	6.937840E+0	1.024610E+6
9.150768E+2	6.200331E+0	5.240000E-2	6.937630E+0	1.024610E+6
9.160765E+2	6.199088E+0	5.060000E-2	6.937880E+0	1.024610E+6
9.170762E+2	6.200331E+0	5.340000E-2	6.937630E+0	1.024610E+6
9.180759E+2	6.202220E+0	5.410000E-2	6.937250E+0	1.024610E+6
9.190767E+2	6.202717E+0	5.380000E-2	6.937150E+0	1.024610E+6
9.200764E+2	6.198393E+0	5.360000E-2	6.938020E+0	1.024610E+6
9.210760E+2	6.199436E+0	5.420000E-2	6.937810E+0	1.024610E+6
9.220777E+2	6.197598E+0	5.410000E-2	6.938180E+0	1.024610E+6
9.230773E+2	6.200181E+0	5.400000E-2	6.937660E+0	1.024610E+6
9.240770E+2	6.197995E+0	5.440000E-2	6.938100E+0	1.024610E+6
9.250768E+2	6.198840E+0	5.420000E-2	6.937930E+0	1.024610E+6
9.260775E+2	6.199287E+0	5.410000E-2	6.937840E+0	1.024610E+6
9.270773E+2	6.199386E+0	5.450000E-2	6.937820E+0	1.024610E+6
9.280770E+2	6.200032E+0	5.400000E-2	6.937690E+0	1.024610E+6
9.290766E+2	6.196505E+0	5.430000E-2	6.938400E+0	1.024610E+6
9.300775E+2	6.198740E+0	5.400000E-2	6.937950E+0	1.024610E+6
9.310772E+2	6.197697E+0	5.380000E-2	6.938160E+0	1.024610E+6
9.320768E+2	6.197648E+0	5.320000E-2	6.938170E+0	1.024610E+6
9.330765E+2	6.197747E+0	5.330000E-2	6.938150E+0	1.024610E+6
9.340773E+2	6.197350E+0	5.390000E-2	6.938230E+0	1.024610E+6
9.350770E+2	6.197300E+0	5.390000E-2	6.938240E+0	1.024610E+6
9.360769E+2	6.197350E+0	5.420000E-2	6.938230E+0	1.024610E+6
9.370767E+2	6.198691E+0	5.430000E-2	6.937960E+0	1.024610E+6
9.380773E+2	6.197499E+0	5.400000E-2	6.938200E+0	1.024610E+6
9.390781E+2	6.195810E+0	5.330000E-2	6.938540E+0	1.024610E+6
9.400778E+2	6.196108E+0	5.410000E-2	6.938480E+0	1.024610E+6
9.410775E+2	6.195413E+0	5.400000E-2	6.938620E+0	1.024610E+6
9.420783E+2	6.195512E+0	5.380000E-2	6.938600E+0	1.024610E+6
9.430781E+2	6.195413E+0	5.430000E-2	6.938620E+0	1.024610E+6
9.440779E+2	6.194669E+0	5.400000E-2	6.938770E+0	1.024610E+6
9.450778E+2	6.195661E+0	5.420000E-2	6.938570E+0	1.024610E+6
9.460777E+2	6.194818E+0	5.430000E-2	6.938740E+0	1.024610E+6
9.470774E+2	6.194917E+0	5.410000E-2	6.938720E+0	1.024610E+6
9.480781E+2	6.193230E+0	5.360000E-2	6.939060E+0	1.024610E+6
9.490780E+2	6.194569E+0	5.430000E-2	6.938790E+0	1.024610E+6
9.500798E+2	6.195711E+0	5.360000E-2	6.938560E+0	1.024610E+6
9.510795E+2	6.195910E+0	5.400000E-2	6.938520E+0	1.024610E+6
9.520793E+2	6.193924E+0	5.370000E-2	6.938920E+0	1.024610E+6
9.530800E+2	6.194421E+0	5.370000E-2	6.938820E+0	1.024610E+6
9.540799E+2	6.194470E+0	5.390000E-2	6.938810E+0	1.024610E+6
9.550797E+2	6.194917E+0	5.360000E-2	6.938720E+0	1.024610E+6
9.560794E+2	6.196505E+0	5.370000E-2	6.938400E+0	1.024610E+6
9.570792E+2	6.194569E+0	5.340000E-2	6.938790E+0	1.024610E+6
9.580791E+2	6.194222E+0	5.330000E-2	6.938860E+0	1.024610E+6
9.590797E+2	6.195165E+0	5.410000E-2	6.938670E+0	1.024610E+6
9.600795E+2	6.196605E+0	5.500000E-2	6.938380E+0	1.024610E+6
9.610792E+2	6.212678E+0	5.470000E-2	6.935150E+0	1.024610E+6
9.620809E+2	6.236591E+0	5.440000E-2	6.930370E+0	1.024610E+6
9.630806E+2	6.262580E+0	5.410000E-2	6.925210E+0	1.024610E+6
9.640803E+2	6.283257E+0	5.450000E-2	6.921130E+0	1.024610E+6
9.650801E+2	6.295881E+0	5.430000E-2	6.918650E+0	1.024610E+6
9.660808E+2	6.302975E+0	5.390000E-2	6.917260E+0	1.024610E+6
9.670806E+2	6.307985E+0	5.420000E-2	6.916280E+0	1.024610E+6
9.680805E+2	6.309315E+0	5.370000E-2	6.916020E+0	1.024610E+6
9.690802E+2	6.307422E+0	5.390000E-2	6.916390E+0	1.024610E+6
9.700799E+2	6.304048E+0	5.380000E-2	6.917050E+0	1.024610E+6
9.710816E+2	6.302311E+0	5.420000E-2	6.917390E+0	1.024610E+6
9.720814E+2	6.297258E+0	5.390000E-2	6.918380E+0	1.024610E+6
9.730811E+2	6.294403E+0	5.340000E-2	6.918940E+0	1.024610E+6
9.740817E+2	6.291753E+0	5.370000E-2	6.919460E+0	1.024610E+6
9.750824E+2	6.288546E+0	5.310000E-2	6.920090E+0	1.024610E+6
9.760821E+2	6.286917E+0	5.370000E-2	6.920410E+0	1.024610E+6
9.770817E+2	6.282952E+0	5.390000E-2	6.921190E+0	1.024610E+6
9.780824E+2	6.281174E+0	5.340000E-2	6.921540E+0	1.024610E+6
9.790821E+2	6.289004E+0	5.350000E-2	6.920000E+0	1.024610E+6
9.800817E+2	6.306246E+0	5.350000E-2	6.916620E+0	1.024610E+6
9.810823E+2	6.328656E+0	5.380000E-2	6.912250E+0	1.024610E+6
9.820820E+2	6.354098E+0	5.360000E-2	6.907320E+0	1.024610E+6
9.830817E+2	6.375700E+0	5.420000E-2	6.903160E+0	1.024610E+6
9.840824E+2	6.392818E+0	5.450000E-2	6.899880E+0	1.024610E+6
9.850822E+2	6.407178E+0	5.390000E-2	6.897140E+0	1.024610E+6
9.860821E+2	6.411223E+0	5.400000E-2	6.896370E+0	1.024610E+6
9.870818E+2	6.419800E+0	5.420000E-2	6.894740E+0	1.024610E+6
9.880816E+2	6.421696E+0	5.430000E-2	6.894380E+0	1.024610E+6
9.890823E+2	6.423331E+0	5.440000E-2	6.894070E+0	1.024610E+6
9.900822E+2	6.421486E+0	5.400000E-2	6.894420E+0	1.024610E+6
9.910820E+2	6.422276E+0	5.410000E-2	6.894270E+0	1.024610E+6
9.920817E+2	6.426707E+0	5.410000E-2	6.893430E+0	1.024610E+6
9.930814E+2	6.434102E+0	5.420000E-2	6.892030E+0	1.024610E+6
9.940821E+2	6.444956E+0	5.380000E-2	6.889980E+0	1.024610E+6
9.950818E+2	6.458075E+0	5.410000E-2	6.887510E+0	1.024610E+6
9.960815E+2	6.470545E+0	5.330000E-2	6.885170E+0	1.024610E+6
9.970822E+2	6.485519E+0	5.430000E-2	6.882370E+0	1.024610E+6
9.980819E+2	6.505018E+0	5.390000E-2	6.878740E+0	1.024610E+6
9.990816E+2	6.526726E+0	5.380000E-2	6.874720E+0	1.024610E+6
1.000081E+3	6.542244E+0	5.420000E-2	6.871860E+0	1.024610E+6
1.001082E+3	6.561210E+0	5.410000E-2	6.868380E+0	1.024610E+6
1.002082E+3	6.577304E+0	5.400000E-2	6.865440E+0	1.024610E+6
1.003082E+3	6.594291E+0	5.330000E-2	6.862350E+0	1.024610E+6
1.004081E+3	6.610742E+0	5.340000E-2	6.859370E+0	1.024610E+6
1.005082E+3	6.626096E+0	5.390000E-2	6.856600E+0	1.024610E+6
1.006082E+3	6.642011E+0	5.320000E-2	6.853740E+0	1.024610E+6
1.007081E+3	6.654577E+0	5.360000E-2	6.851490E+0	1.024610E+6
1.008081E+3	6.665555E+0	5.370000E-2	6.849530E+0	1.024610E+6
1.009082E+3	6.687322E+0	5.290000E-2	6.845660E+0	1.024610E+6
1.010081E+3	6.696864E+0	5.380000E-2	6.843970E+0	1.024610E+6
1.011081E+3	6.711816E+0	5.300000E-2	6.841330E+0	1.024610E+6
1.012082E+3	6.728533E+0	5.310000E-2	6.838390E+0	1.024610E+6
1.013082E+3	6.737545E+0	5.320000E-2	6.836810E+0	1.024610E+6
1.014081E+3	6.749956E+0	5.330000E-2	6.834640E+0	1.024610E+6
1.015081E+3	6.764532E+0	5.400000E-2	6.832100E+0	1.024610E+6
1.016082E+3	6.776738E+0	5.360000E-2	6.829980E+0	1.024610E+6
1.017081E+3	6.789849E+0	5.370000E-2	6.827710E+0	1.024610E+6
1.018081E+3	6.800391E+0	5.330000E-2	6.825890E+0	1.024610E+6
1.019082E+3	6.810204E+0	5.340000E-2	6.824200E+0	1.024610E+6
1.020082E+3	6.818760E+0	5.320000E-2	6.822730E+0	1.024610E+6
1.021081E+3	6.830954E+0	5.370000E-2	6.820640E+0	1.024610E+6
1.022081E+3	6.843303E+0	5.360000E-2	6.818530E+0	1.024610E+6
1.023082E+3	6.852985E+0	5.400000E-2	6.816880E+0	1.024610E+6
1.024081E+3	6.862572E+0	5.340000E-2	6.815250E+0	1.024610E+6
1.025081E+3	6.875430E+0	5.350000E-2	6.813070E+0	1.024610E+6
1.026081E+3	6.887261E+0	5.340000E-2	6.811070E+0	1.024610E+6
1.027083E+3	6.902039E+0	5.390000E-2	6.808580E+0	1.024610E+6
1.028082E+3	6.917347E+0	5.360000E-2	6.806010E+0	1.024610E+6
1.029083E+3	6.935767E+0	5.370000E-2	6.802930E+0	1.024610E+6
1.030083E+3	6.956619E+0	5.430000E-2	6.799460E+0	1.024610E+6
1.031083E+3	6.975880E+0	5.430000E-2	6.796270E+0	1.024610E+6
1.032083E+3	6.998333E+0	5.310000E-2	6.792570E+0	1.024610E+6
1.033083E+3	7.021519E+0	5.430000E-2	6.788770E+0	1.024610E+6
1.034083E+3	7.046679E+0	5.340000E-2	6.784670E+0	1.024610E+6
1.035083E+3	7.066483E+0	5.330000E-2	6.781460E+0	1.024610E+6
1.036083E+3	7.090482E+0	5.400000E-2	6.777590E+0	1.024610E+6
1.037083E+3	7.111492E+0	5.350000E-2	6.774220E+0	1.024610E+6
1.038083E+3	7.130722E+0	5.350000E-2	6.771150E+0	1.024610E+6
1.039084E+3	7.152310E+0	5.380000E-2	6.767720E+0	1.024610E+6
1.040084E+3	7.172930E+0	5.390000E-2	6.764460E+0	1.024610E+6
1.041084E+3	7.197090E+0	5.420000E-2	6.760660E+0	1.024610E+6
1.042085E+3	7.220040E+0	5.440000E-2	6.757070E+0	1.024610E+6
1.043085E+3	7.239184E+0	5.430000E-2	6.754090E+0	1.024610E+6
1.044085E+3	7.260741E+0	5.400000E-2	6.750750E+0	1.024610E+6
1.045085E+3	7.283707E+0	5.430000E-2	6.747210E+0	1.024610E+6
1.046085E+3	7.305486E+0	5.440000E-2	6.743870E+0	1.024610E+6
1.047085E+3	7.327374E+0	5.490000E-2	6.740530E+0	1.024610E+6
1.048085E+3	7.345874E+0	5.470000E-2	6.737720E+0	1.024610E+6
1.049086E+3	7.367169E+0	5.590000E-2	6.734500E+0	1.024610E+6
1.050086E+3	7.390299E+0	5.520000E-2	6.731020E+0	1.024610E+6
1.051086E+3	7.409466E+0	5.590000E-2	6.728150E+0	1.024610E+6
1.052085E+3	7.427641E+0	5.620000E-2	6.725440E+0	1.024610E+6
1.053085E+3	7.450414E+0	5.700000E-2	6.722060E+0	1.024610E+6
1.054086E+3	7.471878E+0	5.670000E-2	6.718890E+0	1.024610E+6
1.055086E+3	7.495287E+0	5.820000E-2	6.715450E+0	1.024610E+6
1.056086E+3	7.518408E+0	5.860000E-2	6.712070E+0	1.024610E+6
1.057085E+3	7.537444E+0	5.860000E-2	6.709300E+0	1.024610E+6
1.058085E+3	7.552828E+0	5.960000E-2	6.707070E+0	1.024610E+6
1.059086E+3	7.570969E+0	6.000000E-2	6.704450E+0	1.024610E+6
1.060086E+3	7.582849E+0	6.060000E-2	6.702740E+0	1.024610E+6
1.061085E+3	7.599085E+0	6.130000E-2	6.700410E+0	1.024610E+6
1.062085E+3	7.614540E+0	6.190000E-2	6.698200E+0	1.024610E+6
1.063086E+3	7.629554E+0	6.270000E-2	6.696060E+0	1.024610E+6
1.064086E+3	7.643349E+0	6.300000E-2	6.694100E+0	1.024610E+6
1.065085E+3	7.658105E+0	6.240000E-2	6.692010E+0	1.024610E+6
1.066085E+3	7.677168E+0	6.270000E-2	6.689320E+0	1.024610E+6
1.067086E+3	7.694099E+0	6.270000E-2	6.686940E+0	1.024610E+6
1.068086E+3	7.708447E+0	6.260000E-2	6.684930E+0	1.024610E+6
1.069085E+3	7.729370E+0	6.320000E-2	6.682010E+0	1.024610E+6
1.070085E+3	7.745773E+0	6.240000E-2	6.679730E+0	1.024610E+6
1.071086E+3	7.766865E+0	6.320000E-2	6.676810E+0	1.024610E+6
1.072085E+3	7.787035E+0	6.300000E-2	6.674030E+0	1.024610E+6
1.073085E+3	7.804664E+0	6.310000E-2	6.671610E+0	1.024610E+6
1.074086E+3	7.821554E+0	6.310000E-2	6.669300E+0	1.024610E+6
1.075086E+3	7.840490E+0	6.310000E-2	6.666720E+0	1.024610E+6
1.076085E+3	7.860758E+0	6.340000E-2	6.663970E+0	1.024610E+6
1.077085E+3	7.880224E+0	6.300000E-2	6.661340E+0	1.024610E+6
1.078086E+3	7.902451E+0	6.250000E-2	6.658350E+0	1.024610E+6
1.079086E+3	7.918947E+0	6.360000E-2	6.656140E+0	1.024610E+6
1.080085E+3	7.940005E+0	6.320000E-2	6.653330E+0	1.024610E+6
1.081086E+3	7.963043E+0	6.330000E-2	6.650270E+0	1.024610E+6
1.082086E+3	7.986874E+0	6.320000E-2	6.647120E+0	1.024610E+6
1.083088E+3	8.009529E+0	6.350000E-2	6.644140E+0	1.024610E+6
1.084088E+3	8.035584E+0	6.300000E-2	6.640730E+0	1.024610E+6
1.085089E+3	8.060317E+0	6.290000E-2	6.637510E+0	1.024610E+6
1.086089E+3	8.087499E+0	6.270000E-2	6.633990E+0	1.024610E+6
1.087090E+3	8.115847E+0	6.290000E-2	6.630340E+0	1.024610E+6
1.088090E+3	8.142167E+0	6.370000E-2	6.626970E+0	1.024610E+6
1.089091E+3	8.174854E+0	6.320000E-2	6.622810E+0	1.024610E+6
1.090091E+3	8.196185E+0	6.380000E-2	6.620110E+0	1.024610E+6
1.091091E+3	8.227401E+0	6.370000E-2	6.616180E+0	1.024610E+6
1.092091E+3	8.258172E+0	6.370000E-2	6.612330E+0	1.024610E+6
1.093091E+3	8.287684E+0	6.360000E-2	6.608660E+0	1.024610E+6
1.094091E+3	8.315586E+0	6.300000E-2	6.605210E+0	1.024610E+6
1.095091E+3	8.346011E+0	6.300000E-2	6.601470E+0	1.024610E+6
1.096092E+3	8.374651E+0	6.370000E-2	6.597970E+0	1.024610E+6
1.097092E+3	8.404528E+0	6.350000E-2	6.594340E+0	1.024610E+6
1.098092E+3	8.434831E+0	6.290000E-2	6.590680E+0	1.024610E+6
1.099092E+3	8.464898E+0	6.350000E-2	6.587070E+0	1.024610E+6
1.100092E+3	8.494807E+0	6.350000E-2	6.583500E+0	1.024610E+6
1.101091E+3	8.524723E+0	6.300000E-2	6.579950E+0	1.024610E+6
1.102091E+3	8.552094E+0	6.370000E-2	6.576720E+0	1.024610E+6
1.103092E+3	8.587134E+0	6.300000E-2	6.572610E+0	1.024610E+6
1.104093E+3	8.615871E+0	6.240000E-2	6.569260E+0	1.024610E+6
1.105093E+3	8.648662E+0	6.320000E-2	6.565460E+0	1.024610E+6
1.106095E+3	8.678960E+0	6.330000E-2	6.561970E+0	1.024610E+6
1.107095E+3	8.706195E+0	6.230000E-2	6.558850E+0	1.024610E+6
1.108095E+3	8.739823E+0	6.260000E-2	6.555020E+0	1.024610E+6
1.109096E+3	8.764366E+0	6.300000E-2	6.552240E+0	1.024610E+6
1.110096E+3	8.790268E+0	6.320000E-2	6.549320E+0	1.024610E+6
1.111095E+3	8.819605E+0	6.310000E-2	6.546030E+0	1.024610E+6
1.112096E+3	8.848564E+0	6.360000E-2	6.542800E+0	1.024610E+6
1.113096E+3	8.876597E+0	6.340000E-2	6.539690E+0	1.024610E+6
1.114096E+3	8.904868E+0	6.320000E-2	6.536570E+0	1.024610E+6
1.115096E+3	8.929910E+0	6.410000E-2	6.533820E+0	1.024610E+6
1.116097E+3	8.955344E+0	6.360000E-2	6.531040E+0	1.024610E+6
1.117098E+3	8.983570E+0	6.340000E-2	6.527970E+0	1.024610E+6
1.118097E+3	9.007590E+0	6.380000E-2	6.525370E+0	1.024610E+6
1.119098E+3	9.028928E+0	6.340000E-2	6.523070E+0	1.024610E+6
1.120099E+3	9.057072E+0	6.300000E-2	6.520050E+0	1.024610E+6
1.121098E+3	9.081606E+0	6.290000E-2	6.517430E+0	1.024610E+6
1.122098E+3	9.109456E+0	6.320000E-2	6.514470E+0	1.024610E+6
1.123099E+3	9.134414E+0	6.290000E-2	6.511830E+0	1.024610E+6
1.124099E+3	9.155204E+0	6.300000E-2	6.509640E+0	1.024610E+6
1.125099E+3	9.182186E+0	6.240000E-2	6.506810E+0	1.024610E+6
1.126100E+3	9.204403E+0	6.340000E-2	6.504490E+0	1.024610E+6
1.127100E+3	9.226421E+0	6.270000E-2	6.502200E+0	1.024610E+6
1.128100E+3	9.253072E+0	6.340000E-2	6.499440E+0	1.024610E+6
1.129102E+3	9.271299E+0	6.350000E-2	6.497560E+0	1.024610E+6
1.130101E+3	9.296995E+0	6.300000E-2	6.494920E+0	1.024610E+6
1.131101E+3	9.313506E+0	6.280000E-2	6.493230E+0	1.024610E+6
1.132101E+3	9.332617E+0	6.290000E-2	6.491280E+0	1.024610E+6
1.133101E+3	9.359678E+0	6.310000E-2	6.488530E+0	1.024610E+6
1.134102E+3	9.383302E+0	6.310000E-2	6.486140E+0	1.024610E+6
1.135101E+3	9.401756E+0	6.280000E-2	6.484280E+0	1.024610E+6
1.136101E+3	9.419272E+0	6.290000E-2	6.482520E+0	1.024610E+6
1.137101E+3	9.445648E+0	6.310000E-2	6.479880E+0	1.024610E+6
1.138101E+3	9.467319E+0	6.340000E-2	6.477720E+0	1.024610E+6
1.139101E+3	9.494523E+0	6.250000E-2	6.475020E+0	1.024610E+6
1.140101E+3	9.517190E+0	6.220000E-2	6.472780E+0	1.024610E+6
1.141101E+3	9.540557E+0	6.310000E-2	6.470480E+0	1.024610E+6
1.142101E+3	9.566575E+0	6.200000E-2	6.467930E+0	1.024610E+6
1.143101E+3	9.589834E+0	6.240000E-2	6.465660E+0	1.024610E+6
1.144101E+3	9.618549E+0	6.270000E-2	6.462870E+0	1.024610E+6
1.145101E+3	9.643571E+0	6.250000E-2	6.460450E+0	1.024610E+6
1.146101E+3	9.674322E+0	6.300000E-2	6.457490E+0	1.024610E+6
1.147101E+3	9.700734E+0	6.330000E-2	6.454960E+0	1.024610E+6
1.148101E+3	9.730103E+0	6.270000E-2	6.452160E+0	1.024610E+6
1.149101E+3	9.763106E+0	6.290000E-2	6.449030E+0	1.024610E+6
1.150101E+3	9.785671E+0	6.310000E-2	6.446900E+0	1.024610E+6
1.151101E+3	9.811839E+0	6.260000E-2	6.444440E+0	1.024610E+6
1.152101E+3	9.843692E+0	6.280000E-2	6.441460E+0	1.024610E+6
1.153101E+3	9.870977E+0	6.240000E-2	6.438920E+0	1.024610E+6
1.154101E+3	9.900225E+0	6.260000E-2	6.436210E+0	1.024610E+6
1.155100E+3	9.928745E+0	6.310000E-2	6.433580E+0	1.024610E+6
1.156100E+3	9.954344E+0	6.260000E-2	6.431230E+0	1.024610E+6
1.157101E+3	9.979612E+0	6.320000E-2	6.428920E+0	1.024610E+6
1.158101E+3	1.001534E+1	6.270000E-2	6.425670E+0	1.024610E+6
1.159101E+3	1.003677E+1	6.290000E-2	6.423730E+0	1.024610E+6
1.160102E+3	1.005872E+1	6.280000E-2	6.421750E+0	1.024610E+6
1.161102E+3	1.009815E+1	6.260000E-2	6.418210E+0	1.024610E+6
1.162102E+3	1.012111E+1	6.270000E-2	6.416160E+0	1.024610E+6
1.163101E+3	1.014651E+1	6.320000E-2	6.413900E+0	1.024610E+6
1.164102E+3	1.018867E+1	6.300000E-2	6.410170E+0	1.024610E+6
1.165102E+3	1.020150E+1	6.300000E-2	6.409040E+0	1.024610E+6
1.166101E+3	1.021583E+1	6.220000E-2	6.407780E+0	1.024610E+6
1.167101E+3	1.026489E+1	6.250000E-2	6.403490E+0	1.024610E+6
1.168102E+3	1.029008E+1	6.280000E-2	6.401300E+0	1.024610E+6
1.169101E+3	1.030058E+1	6.250000E-2	6.400390E+0	1.024610E+6
1.170101E+3	1.034588E+1	6.440000E-2	6.396480E+0	1.024610E+6
1.171102E+3	1.036731E+1	6.690000E-2	6.394640E+0	1.024610E+6
1.172101E+3	1.038765E+1	6.230000E-2	6.392900E+0	1.024610E+6
1.173101E+3	1.041510E+1	6.340000E-2	6.390560E+0	1.024610E+6
1.174102E+3	1.044066E+1	6.280000E-2	6.388390E+0	1.024610E+6
1.175101E+3	1.046632E+1	6.570000E-2	6.386220E+0	1.024610E+6
1.176101E+3	1.048983E+1	7.140000E-2	6.384240E+0	1.024610E+6
1.177103E+3	1.050948E+1	6.260000E-2	6.382590E+0	1.024610E+6
1.178102E+3	1.053267E+1	6.540000E-2	6.380650E+0	1.024610E+6
1.179102E+3	1.055859E+1	6.220000E-2	6.378490E+0	1.024610E+6
1.180103E+3	1.058521E+1	6.520000E-2	6.376280E+0	1.024610E+6
1.181102E+3	1.061194E+1	6.960000E-2	6.374070E+0	1.024610E+6
1.182102E+3	1.063550E+1	5.950000E-2	6.372130E+0	1.024610E+6
1.183102E+3	1.065621E+1	6.240000E-2	6.370430E+0	1.024610E+6
1.184102E+3	1.067993E+1	6.250000E-2	6.368490E+0	1.024610E+6
1.185102E+3	1.070349E+1	6.160000E-2	6.366570E+0	1.024610E+6
1.186102E+3	1.072356E+1	6.170000E-2	6.364940E+0	1.024610E+6
1.187102E+3	1.075594E+1	6.210000E-2	6.362320E+0	1.024610E+6
1.188102E+3	1.076214E+1	6.150000E-2	6.361820E+0	1.024610E+6
1.189102E+3	1.078786E+1	5.750000E-2	6.359750E+0	1.024610E+6
1.190103E+3	1.080769E+1	5.830000E-2	6.358160E+0	1.024610E+6
1.191102E+3	1.082782E+1	6.090000E-2	6.356550E+0	1.024610E+6
1.192102E+3	1.084689E+1	6.240000E-2	6.355030E+0	1.024610E+6
1.193103E+3	1.086626E+1	6.260000E-2	6.353490E+0	1.024610E+6
1.194102E+3	1.088898E+1	6.260000E-2	6.351690E+0	1.024610E+6
1.195102E+3	1.091215E+1	6.300000E-2	6.349860E+0	1.024610E+6
1.196102E+3	1.093095E+1	6.250000E-2	6.348380E+0	1.024610E+6
1.197102E+3	1.095057E+1	6.260000E-2	6.346840E+0	1.024610E+6
1.198102E+3	1.097345E+1	6.240000E-2	6.345050E+0	1.024610E+6
1.199102E+3	1.099396E+1	6.220000E-2	6.343450E+0	1.024610E+6
1.200103E+3	1.101801E+1	6.300000E-2	6.341580E+0	1.024610E+6
1.201102E+3	1.104008E+1	6.240000E-2	6.339870E+0	1.024610E+6
1.202103E+3	1.106729E+1	6.300000E-2	6.337770E+0	1.024610E+6
1.203104E+3	1.108770E+1	6.300000E-2	6.336200E+0	1.024610E+6
1.204104E+3	1.110086E+1	6.250000E-2	6.335190E+0	1.024610E+6
1.205105E+3	1.113066E+1	6.220000E-2	6.332910E+0	1.024610E+6
1.206105E+3	1.113564E+1	6.280000E-2	6.332530E+0	1.024610E+6
1.207105E+3	1.115152E+1	6.210000E-2	6.331320E+0	1.024610E+6
1.208104E+3	1.115060E+1	6.270000E-2	6.331390E+0	1.024610E+6
1.209105E+3	1.114010E+1	6.210000E-2	6.332190E+0	1.024610E+6
1.210105E+3	1.112019E+1	6.220000E-2	6.333710E+0	1.024610E+6
1.211105E+3	1.109121E+1	6.240000E-2	6.335930E+0	1.024610E+6
1.212104E+3	1.104940E+1	6.240000E-2	6.339150E+0	1.024610E+6
1.213104E+3	1.099190E+1	6.290000E-2	6.343610E+0	1.024610E+6
1.214105E+3	1.093197E+1	6.240000E-2	6.348300E+0	1.024610E+6
1.215105E+3	1.085808E+1	6.250000E-2	6.354140E+0	1.024610E+6
1.216104E+3	1.078637E+1	6.280000E-2	6.359870E+0	1.024610E+6
1.217106E+3	1.070828E+1	6.200000E-2	6.366180E+0	1.024610E+6
1.218106E+3	1.062152E+1	6.250000E-2	6.373280E+0	1.024610E+6
1.219105E+3	1.053219E+1	6.290000E-2	6.380690E+0	1.024610E+6
1.220105E+3	1.045034E+1	6.300000E-2	6.387570E+0	1.024610E+6
1.221106E+3	1.037105E+1	6.290000E-2	6.394320E+0	1.024610E+6
1.222105E+3	1.029042E+1	6.290000E-2	6.401270E+0	1.024610E+6
1.223105E+3	1.021651E+1	6.280000E-2	6.407720E+0	1.024610E+6
1.224107E+3	1.014009E+1	6.260000E-2	6.414470E+0	1.024610E+6
1.225107E+3	1.007852E+1	6.290000E-2	6.419970E+0	1.024610E+6
1.226108E+3	1.001259E+1	6.300000E-2	6.425920E+0	1.024610E+6
1.227108E+3	9.953252E+0	6.220000E-2	6.431330E+0	1.024610E+6
1.228109E+3	9.902389E+0	6.260000E-2	6.436010E+0	1.024610E+6
1.229108E+3	9.855493E+0	6.240000E-2	6.440360E+0	1.024610E+6
1.230108E+3	9.802784E+0	6.220000E-2	6.445290E+0	1.024610E+6
1.231109E+3	9.757822E+0	6.230000E-2	6.449530E+0	1.024610E+6
1.232110E+3	9.708167E+0	6.240000E-2	6.454250E+0	1.024610E+6
1.233109E+3	9.654772E+0	6.240000E-2	6.459370E+0	1.024610E+6
1.234109E+3	9.598259E+0	6.240000E-2	6.464840E+0	1.024610E+6
1.235109E+3	9.546770E+0	6.280000E-2	6.469870E+0	1.024610E+6
1.236110E+3	9.496442E+0	6.290000E-2	6.474830E+0	1.024610E+6
1.237109E+3	9.448853E+0	6.260000E-2	6.479560E+0	1.024610E+6
1.238109E+3	9.391430E+0	6.310000E-2	6.485320E+0	1.024610E+6
1.239109E+3	9.339100E+0	6.310000E-2	6.490620E+0	1.024610E+6
1.240109E+3	9.294752E+0	6.310000E-2	6.495150E+0	1.024610E+6
1.241109E+3	9.250073E+0	6.330000E-2	6.499750E+0	1.024610E+6
1.242109E+3	9.205555E+0	6.320000E-2	6.504370E+0	1.024610E+6
1.243109E+3	9.163390E+0	6.310000E-2	6.508780E+0	1.024610E+6
1.244109E+3	9.122205E+0	6.330000E-2	6.513120E+0	1.024610E+6
1.245109E+3	9.090717E+0	6.370000E-2	6.516460E+0	1.024610E+6
1.246109E+3	9.057539E+0	6.360000E-2	6.520000E+0	1.024610E+6
1.247110E+3	9.027905E+0	6.320000E-2	6.523180E+0	1.024610E+6
1.248110E+3	8.995382E+0	6.300000E-2	6.526690E+0	1.024610E+6
1.249110E+3	8.966727E+0	6.350000E-2	6.529800E+0	1.024610E+6
1.250110E+3	8.929180E+0	6.390000E-2	6.533900E+0	1.024610E+6
1.251110E+3	8.894612E+0	6.300000E-2	6.537700E+0	1.024610E+6
1.252110E+3	8.857382E+0	6.380000E-2	6.541820E+0	1.024610E+6
1.253110E+3	8.824435E+0	6.440000E-2	6.545490E+0	1.024610E+6
1.254110E+3	8.788045E+0	6.350000E-2	6.549570E+0	1.024610E+6
1.255110E+3	8.753581E+0	6.350000E-2	6.553460E+0	1.024610E+6
1.256110E+3	8.719779E+0	6.330000E-2	6.557300E+0	1.024610E+6
1.257111E+3	8.680266E+0	6.390000E-2	6.561820E+0	1.024610E+6
1.258111E+3	8.638198E+0	6.340000E-2	6.566670E+0	1.024610E+6
1.259111E+3	8.606761E+0	6.350000E-2	6.570320E+0	1.024610E+6
1.260111E+3	8.566474E+0	6.290000E-2	6.575030E+0	1.024610E+6
1.261110E+3	8.531997E+0	6.370000E-2	6.579090E+0	1.024610E+6
1.262111E+3	8.492119E+0	6.340000E-2	6.583820E+0	1.024610E+6
1.263111E+3	8.453300E+0	6.300000E-2	6.588460E+0	1.024610E+6
1.264110E+3	8.410309E+0	6.200000E-2	6.593640E+0	1.024610E+6
1.265111E+3	8.361538E+0	6.070000E-2	6.599570E+0	1.024610E+6
1.266111E+3	8.314532E+0	5.860000E-2	6.605340E+0	1.024610E+6
1.267110E+3	8.261942E+0	5.710000E-2	6.611860E+0	1.024610E+6
1.268110E+3	8.210855E+0	5.590000E-2	6.618260E+0	1.024610E+6
1.269111E+3	8.165717E+0	5.530000E-2	6.623970E+0	1.024610E+6
1.270111E+3	8.116704E+0	5.530000E-2	6.630230E+0	1.024610E+6
1.271110E+3	8.071804E+0	5.470000E-2	6.636020E+0	1.024610E+6
1.272111E+3	8.035584E+0	5.400000E-2	6.640730E+0	1.024610E+6
1.273111E+3	7.997580E+0	5.340000E-2	6.645710E+0	1.024610E+6
1.274111E+3	7.967573E+0	5.420000E-2	6.649670E+0	1.024610E+6
1.275110E+3	7.942484E+0	5.390000E-2	6.653000E+0	1.024610E+6
1.276111E+3	7.917527E+0	5.380000E-2	6.656330E+0	1.024610E+6
1.277110E+3	7.893072E+0	5.350000E-2	6.659610E+0	1.024610E+6
1.278111E+3	7.877999E+0	5.380000E-2	6.661640E+0	1.024610E+6
1.279112E+3	7.865636E+0	5.350000E-2	6.663310E+0	1.024610E+6
1.280112E+3	7.849766E+0	5.390000E-2	6.665460E+0	1.024610E+6
1.281111E+3	7.838799E+0	5.390000E-2	6.666950E+0	1.024610E+6
1.282111E+3	7.825071E+0	5.390000E-2	6.668820E+0	1.024610E+6
1.283112E+3	7.817527E+0	5.290000E-2	6.669850E+0	1.024610E+6
1.284111E+3	7.806489E+0	5.370000E-2	6.671360E+0	1.024610E+6
1.285111E+3	7.796497E+0	5.400000E-2	6.672730E+0	1.024610E+6
1.286112E+3	7.782747E+0	5.300000E-2	6.674620E+0	1.024610E+6
1.287111E+3	7.763825E+0	5.410000E-2	6.677230E+0	1.024610E+6
1.288111E+3	7.745701E+0	5.300000E-2	6.679740E+0	1.024610E+6
1.289111E+3	7.726211E+0	5.340000E-2	6.682450E+0	1.024610E+6
1.290112E+3	7.703088E+0	5.280000E-2	6.685680E+0	1.024610E+6
1.291111E+3	7.677807E+0	5.290000E-2	6.689230E+0	1.024610E+6
1.292111E+3	7.648427E+0	5.260000E-2	6.693380E+0	1.024610E+6
1.293111E+3	7.617483E+0	5.340000E-2	6.697780E+0	1.024610E+6
1.294111E+3	7.582849E+0	5.320000E-2	6.702740E+0	1.024610E+6
1.295111E+3	7.548200E+0	5.340000E-2	6.707740E+0	1.024610E+6
1.296111E+3	7.516831E+0	5.350000E-2	6.712300E+0	1.024610E+6
1.297111E+3	7.485746E+0	5.280000E-2	6.716850E+0	1.024610E+6
1.298112E+3	7.471743E+0	5.300000E-2	6.718910E+0	1.024610E+6
1.299112E+3	7.442990E+0	5.370000E-2	6.723160E+0	1.024610E+6
1.300113E+3	7.427709E+0	5.290000E-2	6.725430E+0	1.024610E+6
1.301113E+3	7.411341E+0	5.260000E-2	6.727870E+0	1.024610E+6
1.302113E+3	7.392432E+0	5.320000E-2	6.730700E+0	1.024610E+6
1.303113E+3	7.380248E+0	5.320000E-2	6.732530E+0	1.024610E+6
1.304113E+3	7.359816E+0	5.380000E-2	6.735610E+0	1.024610E+6
1.305113E+3	7.338359E+0	5.280000E-2	6.738860E+0	1.024610E+6
1.306113E+3	7.312159E+0	5.310000E-2	6.742850E+0	1.024610E+6
1.307113E+3	7.288457E+0	5.380000E-2	6.746480E+0	1.024610E+6
1.308112E+3	7.261259E+0	5.290000E-2	6.750670E+0	1.024610E+6
1.309113E+3	7.232879E+0	5.310000E-2	6.755070E+0	1.024610E+6
1.310113E+3	7.205962E+0	5.340000E-2	6.759270E+0	1.024610E+6
1.311113E+3	7.171535E+0	5.390000E-2	6.764680E+0	1.024610E+6
1.312113E+3	7.142982E+0	5.390000E-2	6.769200E+0	1.024610E+6
1.313113E+3	7.115556E+0	5.320000E-2	6.773570E+0	1.024610E+6
1.314113E+3	7.086877E+0	5.360000E-2	6.778170E+0	1.024610E+6
1.315112E+3	7.059686E+0	5.310000E-2	6.782560E+0	1.024610E+6
1.316113E+3	7.028867E+0	5.290000E-2	6.787570E+0	1.024610E+6
1.317113E+3	7.004971E+0	5.350000E-2	6.791480E+0	1.024610E+6
1.318112E+3	6.972856E+0	5.360000E-2	6.796770E+0	1.024610E+6
1.319113E+3	6.941586E+0	5.310000E-2	6.801960E+0	1.024610E+6
1.320113E+3	6.908822E+0	5.360000E-2	6.807440E+0	1.024610E+6
1.321114E+3	6.875666E+0	5.360000E-2	6.813030E+0	1.024610E+6
1.322113E+3	6.844944E+0	5.380000E-2	6.818250E+0	1.024610E+6
1.323113E+3	6.813403E+0	5.350000E-2	6.823650E+0	1.024610E+6
1.324114E+3	6.786437E+0	5.380000E-2	6.828300E+0	1.024610E+6
1.325114E+3	6.762578E+0	5.380000E-2	6.832440E+0	1.024610E+6
1.326113E+3	6.738859E+0	5.360000E-2	6.836580E+0	1.024610E+6
1.327114E+3	6.715733E+0	5.360000E-2	6.840640E+0	1.024610E+6
1.328114E+3	6.694829E+0	5.330000E-2	6.844330E+0	1.024610E+6
1.329113E+3	6.682080E+0	5.360000E-2	6.846590E+0	1.024610E+6
1.330113E+3	6.665780E+0	5.390000E-2	6.849490E+0	1.024610E+6
1.331114E+3	6.653738E+0	5.370000E-2	6.851640E+0	1.024610E+6
1.332115E+3	6.636996E+0	5.400000E-2	6.854640E+0	1.024610E+6
1.333114E+3	6.622155E+0	5.340000E-2	6.857310E+0	1.024610E+6
1.334114E+3	6.606982E+0	5.360000E-2	6.860050E+0	1.024610E+6
1.335115E+3	6.587465E+0	5.400000E-2	6.863590E+0	1.024610E+6
1.336114E+3	6.550353E+0	5.400000E-2	6.870370E+0	1.024610E+6
1.337114E+3	6.501626E+0	5.380000E-2	6.879370E+0	1.024610E+6
1.338115E+3	6.431987E+0	5.410000E-2	6.892430E+0	1.024610E+6
1.339114E+3	6.356377E+0	5.340000E-2	6.906880E+0	1.024610E+6
1.340114E+3	6.265765E+0	5.400000E-2	6.924580E+0	1.024610E+6